0.00000 -0.00000
0.00500 -0.00000
0.01000 -0.00000
0.01500 -0.00000
0.02001 -0.00000
0.02501 -0.00000
0.03001 -0.00000
0.03501 -0.00000
0.04001 -0.00000
0.04501 -0.00000
0.05001 -0.00000
0.05501 -0.00000
0.06002 -0.00000
0.06502 -0.00000
0.07002 -0.00000
0.07502 -0.00000
0.08002 -0.00000
0.08502 -0.00000
0.09002 -0.00000
0.09502 -0.00000
0.10003 -0.00000
0.10503 -0.00000
0.11003 -0.00000
0.11503 -0.00000
0.12003 -0.00000
0.12503 -0.00000
0.13003 -0.00000
0.13503 -0.00000
0.14004 -0.00000
0.14504 -0.00000
0.15004 -0.00000
0.15504 -0.00000
0.16004 -0.00000
0.16504 -0.00000
0.17004 -0.00000
0.17504 -0.00000
0.18005 -0.00000
0.18505 -0.00000
0.19005 -0.00000
0.19505 -0.00000
0.20005 -0.00000
0.20505 -0.00000
0.21005 -0.00000
0.21505 -0.00000
0.22006 -0.00000
0.22506 -0.00000
0.23006 -0.00000
0.23506 -0.00000
0.24006 -0.00000
0.24506 -0.00000
0.25006 -0.00000
0.25506 -0.00000
0.26007 -0.00000
0.26507 -0.00000
0.27007 -0.00000
0.27507 -0.00000
0.28007 -0.00000
0.28507 -0.00000
0.29007 -0.00000
0.29507 -0.00000
0.30008 -0.00000
0.30508 -0.00000
0.31008 -0.00000
0.31508 -0.00000
0.32008 -0.00000
0.32508 -0.00000
0.33008 -0.00000
0.33508 -0.00000
0.34009 -0.00000
0.34509 -0.00000
0.35009 -0.00000
0.35509 -0.00000
0.36009 -0.00000
0.36509 -0.00000
0.37009 -0.00000
0.37509 -0.00000
0.38010 -0.00000
0.38510 -0.00000
0.39010 -0.00000
0.39510 -0.00000
0.40010 -0.00000
0.40510 -0.00000
0.41010 -0.00000
0.41510 -0.00000
0.42011 -0.00000
0.42511 -0.00000
0.43011 -0.00000
0.43511 -0.00000
0.44011 -0.00000
0.44511 -0.00000
0.45011 -0.00000
0.45511 -0.00000
0.46012 -0.00000
0.46512 -0.00000
0.47012 -0.00000
0.47512 -0.00000
0.48012 -0.00000
0.48512 -0.00000
0.49012 -0.00000
0.49512 -0.00000
0.50013 -0.00000
0.50513 -0.00000
0.51013 -0.00000
0.51513 -0.00000
0.52013 -0.00000
0.52513 -0.00000
0.53013 -0.00000
0.53513 -0.00000
0.54014 -0.00000
0.54514 -0.00000
0.55014 -0.00000
0.55514 -0.00000
0.56014 -0.00000
0.56514 -0.00000
0.57014 -0.00000
0.57514 -0.00000
0.58015 -0.00000
0.58515 -0.00000
0.59015 -0.00000
0.59515 -0.00000
0.60015 -0.00000
0.60515 -0.00000
0.61015 -0.00000
0.61515 -0.00000
0.62016 -0.00000
0.62516 -0.00000
0.63016 -0.00000
0.63516 -0.00000
0.64016 -0.00000
0.64516 -0.00000
0.65016 -0.00000
0.65516 -0.00000
0.66017 -0.00000
0.66517 -0.00000
0.67017 -0.00000
0.67517 -0.00000
0.68017 -0.00000
0.68517 -0.00000
0.69017 -0.00000
0.69517 -0.00000
0.70018 -0.00000
0.70518 -0.00000
0.71018 -0.00000
0.71518 -0.00000
0.72018 -0.00000
0.72518 -0.00000
0.73018 -0.00000
0.73518 -0.00000
0.74019 -0.00000
0.74519 -0.00000
0.75019 -0.00000
0.75519 -0.00000
0.76019 -0.00000
0.76519 -0.00000
0.77019 -0.00000
0.77519 -0.00000
0.78020 -0.00000
0.78520 -0.00000
0.79020 -0.00000
0.79520 -0.00000
0.80020 -0.00000
0.80520 -0.00000
0.81020 -0.00000
0.81520 -0.00000
0.82021 -0.00000
0.82521 -0.00000
0.83021 -0.00000
0.83521 -0.00000
0.84021 -0.00000
0.84521 -0.00000
0.85021 -0.00000
0.85521 -0.00000
0.86022 -0.00000
0.86522 -0.00000
0.87022 -0.00000
0.87522 -0.00000
0.88022 -0.00000
0.88522 -0.00000
0.89022 -0.00000
0.89522 -0.00000
0.90023 -0.00000
0.90523 -0.00000
0.91023 -0.00000
0.91523 -0.00000
0.92023 -0.00000
0.92523 -0.00000
0.93023 -0.00000
0.93523 -0.00000
0.94024 -0.00000
0.94524 -0.00000
0.95024 -0.00000
0.95524 -0.00000
0.96024 -0.00000
0.96524 -0.00000
0.97024 -0.00000
0.97524 -0.00000
0.98025 -0.00000
0.98525 -0.00000
0.99025 -0.00000
0.99525 -0.00000
1.00025 -0.00000
1.00525 -0.00000
1.01025 -0.00000
1.01525 -0.00000
1.02026 -0.00000
1.02526 -0.00000
1.03026 -0.00000
1.03526 -0.00000
1.04026 -0.00000
1.04526 -0.00000
1.05026 -0.00000
1.05526 -0.00000
1.06027 -0.00000
1.06527 -0.00000
1.07027 -0.00000
1.07527 -0.00000
1.08027 -0.00000
1.08527 -0.00000
1.09027 -0.00000
1.09527 -0.00000
1.10028 -0.00000
1.10528 -0.00000
1.11028 -0.00000
1.11528 -0.00000
1.12028 -0.00000
1.12528 -0.00000
1.13028 -0.00000
1.13528 -0.00000
1.14029 -0.00000
1.14529 -0.00000
1.15029 -0.00000
1.15529 -0.00000
1.16029 -0.00000
1.16529 -0.00000
1.17029 -0.00000
1.17529 -0.00000
1.18030 -0.00000
1.18530 -0.00000
1.19030 -0.00000
1.19530 -0.00000
1.20030 -0.00000
1.20530 -0.00000
1.21030 -0.00000
1.21530 -0.00000
1.22031 -0.00000
1.22531 -0.00000
1.23031 -0.00000
1.23531 -0.00000
1.24031 -0.00000
1.24531 -0.00000
1.25031 -0.00000
1.25531 -0.00000
1.26032 -0.00000
1.26532 -0.00000
1.27032 -0.00000
1.27532 -0.00000
1.28032 -0.00000
1.28532 -0.00000
1.29032 -0.00000
1.29532 -0.00000
1.30033 -0.00000
1.30533 -0.00000
1.31033 -0.00000
1.31533 -0.00000
1.32033 -0.00000
1.32533 -0.00000
1.33033 -0.00000
1.33533 -0.00000
1.34034 -0.00000
1.34534 -0.00000
1.35034 -0.00000
1.35534 -0.00000
1.36034 -0.00000
1.36534 -0.00000
1.37034 -0.00000
1.37534 -0.00000
1.38035 -0.00000
1.38535 -0.00000
1.39035 -0.00000
1.39535 -0.00000
1.40035 -0.00000
1.40535 -0.00000
1.41035 -0.00000
1.41535 -0.00000
1.42036 -0.00000
1.42536 -0.00000
1.43036 -0.00000
1.43536 -0.00000
1.44036 -0.00000
1.44536 -0.00000
1.45036 -0.00000
1.45536 -0.00000
1.46037 -0.00000
1.46537 -0.00000
1.47037 -0.00000
1.47537 -0.00000
1.48037 -0.00000
1.48537 -0.00000
1.49037 -0.00000
1.49537 -0.00000
1.50038 -0.00000
1.50538 -0.00000
1.51038 -0.00000
1.51538 -0.00000
1.52038 -0.00000
1.52538 -0.00000
1.53038 -0.00000
1.53538 -0.00000
1.54039 -0.00000
1.54539 -0.00000
1.55039 -0.00000
1.55539 -0.00000
1.56039 -0.00000
1.56539 -0.00000
1.57039 -0.00000
1.57539 -0.00000
1.58040 -0.00000
1.58540 -0.00000
1.59040 -0.00000
1.59540 -0.00000
1.60040 -0.00000
1.60540 -0.00000
1.61040 -0.00000
1.61540 -0.00000
1.62041 -0.00000
1.62541 -0.00000
1.63041 -0.00000
1.63541 -0.00000
1.64041 -0.00000
1.64541 -0.00000
1.65041 -0.00000
1.65541 -0.00000
1.66042 -0.00000
1.66542 -0.00000
1.67042 -0.00000
1.67542 -0.00000
1.68042 -0.00000
1.68542 -0.00000
1.69042 -0.00000
1.69542 -0.00000
1.70043 -0.00000
1.70543 -0.00000
1.71043 -0.00000
1.71543 -0.00000
1.72043 -0.00000
1.72543 -0.00000
1.73043 -0.00000
1.73543 -0.00000
1.74044 -0.00000
1.74544 -0.00000
1.75044 -0.00000
1.75544 -0.00000
1.76044 -0.00000
1.76544 -0.00000
1.77044 -0.00000
1.77544 -0.00000
1.78045 -0.00000
1.78545 -0.00000
1.79045 -0.00000
1.79545 -0.00000
1.80045 -0.00000
1.80545 -0.00000
1.81045 -0.00000
1.81545 -0.00000
1.82046 -0.00000
1.82546 -0.00000
1.83046 -0.00000
1.83546 -0.00000
1.84046 -0.00000
1.84546 -0.00000
1.85046 -0.00000
1.85546 -0.00000
1.86047 -0.00000
1.86547 -0.00000
1.87047 -0.00000
1.87547 -0.00000
1.88047 -0.00000
1.88547 -0.00000
1.89047 -0.00000
1.89547 -0.00000
1.90048 -0.00000
1.90548 -0.00000
1.91048 -0.00000
1.91548 -0.00000
1.92048 -0.00000
1.92548 -0.00000
1.93048 -0.00000
1.93548 -0.00000
1.94049 -0.00000
1.94549 -0.00000
1.95049 -0.00000
1.95549 -0.00000
1.96049 -0.00000
1.96549 -0.00000
1.97049 -0.00000
1.97549 -0.00000
1.98050 -0.00000
1.98550 -0.00000
1.99050 -0.00000
1.99550 -0.00000
2.00050 -0.00000
2.00550 -0.00000
2.01050 -0.00000
2.01550 -0.00000
2.02051 -0.00000
2.02551 -0.00000
2.03051 -0.00000
2.03551 -0.00000
2.04051 -0.00000
2.04551 -0.00000
2.05051 -0.00000
2.05551 -0.00000
2.06052 -0.00000
2.06552 -0.00000
2.07052 -0.00000
2.07552 -0.00000
2.08052 -0.00000
2.08552 -0.00000
2.09052 -0.00000
2.09552 -0.00000
2.10053 -0.00000
2.10553 -0.00000
2.11053 -0.00000
2.11553 -0.00000
2.12053 -0.00000
2.12553 -0.00000
2.13053 -0.00000
2.13553 -0.00000
2.14054 -0.00000
2.14554 -0.00000
2.15054 -0.00000
2.15554 -0.00000
2.16054 -0.00000
2.16554 -0.00000
2.17054 -0.00000
2.17554 -0.00000
2.18055 -0.00000
2.18555 -0.00000
2.19055 -0.00000
2.19555 -0.00000
2.20055 -0.00000
2.20555 -0.00000
2.21055 -0.00000
2.21555 -0.00000
2.22056 -0.00000
2.22556 -0.00000
2.23056 -0.00000
2.23556 -0.00000
2.24056 -0.00000
2.24556 -0.00000
2.25056 -0.00000
2.25556 -0.00000
2.26057 -0.00000
2.26557 -0.00000
2.27057 -0.00000
2.27557 -0.00000
2.28057 -0.00000
2.28557 -0.00000
2.29057 -0.00000
2.29557 -0.00000
2.30058 -0.00000
2.30558 -0.00000
2.31058 -0.00000
2.31558 -0.00000
2.32058 -0.00000
2.32558 -0.00000
2.33058 -0.00000
2.33558 -0.00000
2.34059 -0.00000
2.34559 -0.00000
2.35059 -0.00000
2.35559 -0.00000
2.36059 -0.00000
2.36559 -0.00000
2.37059 -0.00000
2.37559 -0.00000
2.38060 -0.00000
2.38560 -0.00000
2.39060 -0.00000
2.39560 -0.00000
2.40060 -0.00000
2.40560 -0.00000
2.41060 -0.00000
2.41560 -0.00000
2.42061 -0.00000
2.42561 -0.00000
2.43061 -0.00000
2.43561 -0.00000
2.44061 -0.00000
2.44561 -0.00000
2.45061 -0.00000
2.45561 -0.00000
2.46062 -0.00000
2.46562 -0.00000
2.47062 -0.00000
2.47562 -0.00000
2.48062 -0.00000
2.48562 -0.00000
2.49062 -0.00000
2.49562 -0.00000
2.50063 -0.00000
2.50563 -0.00000
2.51063 -0.00000
2.51563 -0.00000
2.52063 -0.00000
2.52563 -0.00000
2.53063 -0.00000
2.53563 -0.00000
2.54064 -0.00000
2.54564 -0.00000
2.55064 -0.00000
2.55564 -0.00000
2.56064 -0.00000
2.56564 -0.00000
2.57064 -0.00000
2.57564 -0.00000
2.58065 -0.00000
2.58565 -0.00000
2.59065 -0.00000
2.59565 -0.00000
2.60065 -0.00000
2.60565 -0.00000
2.61065 -0.00000
2.61565 -0.00000
2.62066 -0.00000
2.62566 -0.00000
2.63066 -0.00000
2.63566 -0.00000
2.64066 -0.00000
2.64566 -0.00000
2.65066 -0.00000
2.65566 -0.00000
2.66067 -0.00000
2.66567 -0.00000
2.67067 -0.00000
2.67567 -0.00000
2.68067 -0.00000
2.68567 -0.00000
2.69067 -0.00000
2.69567 -0.00000
2.70068 -0.00000
2.70568 -0.00000
2.71068 -0.00000
2.71568 -0.00000
2.72068 -0.00000
2.72568 -0.00000
2.73068 -0.00000
2.73568 -0.00000
2.74069 -0.00000
2.74569 -0.00000
2.75069 -0.00000
2.75569 -0.00000
2.76069 -0.00000
2.76569 -0.00000
2.77069 -0.00000
2.77569 -0.00000
2.78070 -0.00000
2.78570 -0.00000
2.79070 -0.00000
2.79570 -0.00000
2.80070 -0.00000
2.80570 -0.00000
2.81070 -0.00000
2.81570 -0.00000
2.82071 -0.00000
2.82571 -0.00000
2.83071 -0.00000
2.83571 -0.00000
2.84071 -0.00000
2.84571 -0.00000
2.85071 -0.00000
2.85571 -0.00000
2.86072 -0.00000
2.86572 -0.00000
2.87072 -0.00000
2.87572 -0.00000
2.88072 -0.00000
2.88572 -0.00000
2.89072 -0.00000
2.89572 -0.00000
2.90073 -0.00000
2.90573 -0.00000
2.91073 -0.00000
2.91573 -0.00000
2.92073 -0.00000
2.92573 -0.00000
2.93073 -0.00000
2.93573 -0.00000
2.94074 -0.00000
2.94574 -0.00000
2.95074 -0.00000
2.95574 -0.00000
2.96074 -0.00000
2.96574 -0.00000
2.97074 -0.00000
2.97574 -0.00000
2.98075 -0.00000
2.98575 -0.00000
2.99075 -0.00000
2.99575 -0.00000
3.00075 -0.00000
3.00575 -0.00000
3.01075 -0.00000
3.01575 -0.00000
3.02076 -0.00000
3.02576 -0.00000
3.03076 -0.00000
3.03576 -0.00000
3.04076 -0.00000
3.04576 -0.00000
3.05076 -0.00000
3.05576 -0.00000
3.06077 -0.00000
3.06577 -0.00000
3.07077 -0.00000
3.07577 -0.00000
3.08077 -0.00000
3.08577 -0.00000
3.09077 -0.00000
3.09577 -0.00000
3.10078 -0.00000
3.10578 -0.00000
3.11078 -0.00000
3.11578 -0.00000
3.12078 -0.00000
3.12578 -0.00000
3.13078 -0.00000
3.13578 -0.00000
3.14079 -0.00000
3.14579 -0.00000
3.15079 -0.00000
3.15579 -0.00000
3.16079 -0.00000
3.16579 -0.00000
3.17079 -0.00000
3.17579 -0.00000
3.18080 -0.00000
3.18580 -0.00000
3.19080 -0.00000
3.19580 -0.00000
3.20080 -0.00000
3.20580 -0.00000
3.21080 -0.00000
3.21580 -0.00000
3.22081 -0.00000
3.22581 -0.00000
3.23081 -0.00000
3.23581 -0.00000
3.24081 -0.00000
3.24581 -0.00000
3.25081 -0.00000
3.25581 -0.00000
3.26082 -0.00000
3.26582 -0.00000
3.27082 -0.00000
3.27582 -0.00000
3.28082 -0.00000
3.28582 -0.00000
3.29082 -0.00000
3.29582 -0.00000
3.30083 -0.00000
3.30583 -0.00000
3.31083 -0.00000
3.31583 -0.00000
3.32083 -0.00000
3.32583 -0.00000
3.33083 -0.00000
3.33583 -0.00000
3.34084 -0.00000
3.34584 -0.00000
3.35084 -0.00000
3.35584 -0.00000
3.36084 -0.00000
3.36584 -0.00000
3.37084 -0.00000
3.37584 -0.00000
3.38085 -0.00000
3.38585 -0.00000
3.39085 -0.00000
3.39585 -0.00000
3.40085 -0.00000
3.40585 -0.00000
3.41085 -0.00000
3.41585 -0.00000
3.42086 -0.00000
3.42586 -0.00000
3.43086 -0.00000
3.43586 -0.00000
3.44086 -0.00000
3.44586 -0.00000
3.45086 -0.00000
3.45586 -0.00000
3.46087 -0.00000
3.46587 -0.00000
3.47087 -0.00000
3.47587 -0.00000
3.48087 -0.00000
3.48587 -0.00000
3.49087 -0.00000
3.49587 -0.00000
3.50088 -0.00000
3.50588 -0.00000
3.51088 -0.00000
3.51588 -0.00000
3.52088 -0.00000
3.52588 -0.00000
3.53088 -0.00000
3.53588 -0.00000
3.54089 -0.00000
3.54589 -0.00000
3.55089 -0.00000
3.55589 -0.00000
3.56089 -0.00000
3.56589 -0.00000
3.57089 -0.00000
3.57589 -0.00000
3.58090 -0.00000
3.58590 -0.00000
3.59090 -0.00000
3.59590 -0.00000
3.60090 -0.00000
3.60590 -0.00000
3.61090 -0.00000
3.61590 -0.00000
3.62091 -0.00000
3.62591 -0.00000
3.63091 -0.00000
3.63591 -0.00000
3.64091 -0.00000
3.64591 -0.00000
3.65091 -0.00000
3.65591 -0.00000
3.66092 -0.00000
3.66592 -0.00000
3.67092 -0.00000
3.67592 -0.00000
3.68092 -0.00000
3.68592 -0.00000
3.69092 -0.00000
3.69592 -0.00000
3.70093 -0.00000
3.70593 -0.00000
3.71093 -0.00000
3.71593 -0.00000
3.72093 -0.00000
3.72593 -0.00000
3.73093 -0.00000
3.73593 -0.00000
3.74094 -0.00000
3.74594 -0.00000
3.75094 -0.00000
3.75594 -0.00000
3.76094 -0.00000
3.76594 -0.00000
3.77094 -0.00000
3.77594 -0.00000
3.78095 -0.00000
3.78595 -0.00000
3.79095 -0.00000
3.79595 -0.00000
3.80095 -0.00000
3.80595 -0.00000
3.81095 -0.00000
3.81595 -0.00000
3.82096 -0.00000
3.82596 -0.00000
3.83096 -0.00000
3.83596 -0.00000
3.84096 -0.00000
3.84596 -0.00000
3.85096 -0.00000
3.85596 -0.00000
3.86097 -0.00000
3.86597 -0.00000
3.87097 -0.00000
3.87597 -0.00000
3.88097 -0.00000
3.88597 -0.00000
3.89097 -0.00000
3.89597 -0.00000
3.90098 -0.00000
3.90598 -0.00000
3.91098 -0.00000
3.91598 -0.00000
3.92098 -0.00000
3.92598 -0.00000
3.93098 -0.00000
3.93598 -0.00000
3.94099 -0.00000
3.94599 -0.00000
3.95099 -0.00000
3.95599 -0.00000
3.96099 -0.00000
3.96599 -0.00000
3.97099 -0.00000
3.97599 -0.00000
3.98100 -0.00000
3.98600 -0.00000
3.99100 -0.00000
3.99600 -0.00000
4.00100 -0.00000
4.00600 -0.00000
4.01100 -0.00000
4.01600 -0.00000
4.02101 -0.00000
4.02601 -0.00000
4.03101 -0.00000
4.03601 -0.00000
4.04101 -0.00000
4.04601 -0.00000
4.05101 -0.00000
4.05601 -0.00000
4.06102 -0.00000
4.06602 -0.00000
4.07102 -0.00000
4.07602 -0.00000
4.08102 -0.00000
4.08602 -0.00000
4.09102 -0.00000
4.09602 -0.00000
4.10103 -0.00000
4.10603 -0.00000
4.11103 -0.00000
4.11603 -0.00000
4.12103 -0.00000
4.12603 -0.00000
4.13103 -0.00000
4.13603 -0.00000
4.14104 -0.00000
4.14604 -0.00000
4.15104 -0.00000
4.15604 -0.00000
4.16104 -0.00000
4.16604 -0.00000
4.17104 -0.00000
4.17604 -0.00000
4.18105 -0.00000
4.18605 -0.00000
4.19105 -0.00000
4.19605 -0.00000
4.20105 -0.00000
4.20605 -0.00000
4.21105 -0.00000
4.21605 -0.00000
4.22106 -0.00000
4.22606 -0.00000
4.23106 -0.00000
4.23606 -0.00000
4.24106 -0.00000
4.24606 -0.00000
4.25106 -0.00000
4.25606 -0.00000
4.26107 -0.00000
4.26607 -0.00000
4.27107 -0.00000
4.27607 -0.00000
4.28107 -0.00000
4.28607 -0.00000
4.29107 -0.00000
4.29607 -0.00000
4.30108 -0.00000
4.30608 -0.00000
4.31108 -0.00000
4.31608 -0.00000
4.32108 -0.00000
4.32608 -0.00000
4.33108 -0.00000
4.33608 -0.00000
4.34109 -0.00000
4.34609 -0.00000
4.35109 -0.00000
4.35609 -0.00000
4.36109 -0.00000
4.36609 -0.00000
4.37109 -0.00000
4.37609 -0.00000
4.38110 -0.00000
4.38610 -0.00000
4.39110 -0.00000
4.39610 -0.00000
4.40110 -0.00000
4.40610 -0.00000
4.41110 -0.00000
4.41610 -0.00000
4.42111 -0.00000
4.42611 -0.00000
4.43111 -0.00000
4.43611 -0.00000
4.44111 -0.00000
4.44611 -0.00000
4.45111 -0.00000
4.45611 -0.00000
4.46112 -0.00000
4.46612 -0.00000
4.47112 -0.00000
4.47612 -0.00000
4.48112 -0.00000
4.48612 -0.00000
4.49112 -0.00000
4.49612 -0.00000
4.50113 -0.00000
4.50613 -0.00000
4.51113 -0.00000
4.51613 -0.00000
4.52113 -0.00000
4.52613 -0.00000
4.53113 -0.00000
4.53613 -0.00000
4.54114 -0.00000
4.54614 -0.00000
4.55114 -0.00000
4.55614 -0.00000
4.56114 -0.00000
4.56614 -0.00000
4.57114 -0.00000
4.57614 -0.00000
4.58115 -0.00000
4.58615 -0.00000
4.59115 -0.00000
4.59615 -0.00000
4.60115 -0.00000
4.60615 -0.00000
4.61115 -0.00000
4.61615 -0.00000
4.62116 -0.00000
4.62616 -0.00000
4.63116 -0.00000
4.63616 -0.00000
4.64116 -0.00000
4.64616 -0.00000
4.65116 -0.00000
4.65616 -0.00000
4.66117 -0.00000
4.66617 -0.00000
4.67117 -0.00000
4.67617 -0.00000
4.68117 -0.00000
4.68617 -0.00000
4.69117 -0.00000
4.69617 -0.00000
4.70118 -0.00000
4.70618 -0.00000
4.71118 -0.00000
4.71618 -0.00000
4.72118 -0.00000
4.72618 -0.00000
4.73118 -0.00000
4.73618 -0.00000
4.74119 -0.00000
4.74619 -0.00000
4.75119 -0.00000
4.75619 -0.00000
4.76119 -0.00000
4.76619 -0.00000
4.77119 -0.00000
4.77619 -0.00000
4.78120 -0.00000
4.78620 -0.00000
4.79120 -0.00000
4.79620 -0.00000
4.80120 -0.00000
4.80620 -0.00000
4.81120 -0.00000
4.81620 -0.00000
4.82121 -0.00000
4.82621 -0.00000
4.83121 -0.00000
4.83621 -0.00000
4.84121 -0.00000
4.84621 -0.00000
4.85121 -0.00000
4.85621 -0.00000
4.86122 -0.00000
4.86622 -0.00000
4.87122 -0.00000
4.87622 -0.00000
4.88122 -0.00000
4.88622 -0.00000
4.89122 -0.00000
4.89622 -0.00000
4.90123 -0.00000
4.90623 -0.00000
4.91123 -0.00000
4.91623 -0.00000
4.92123 -0.00000
4.92623 -0.00000
4.93123 -0.00000
4.93623 -0.00000
4.94124 -0.00000
4.94624 -0.00000
4.95124 -0.00000
4.95624 -0.00000
4.96124 -0.00000
4.96624 -0.00000
4.97124 -0.00000
4.97624 -0.00000
4.98125 -0.00000
4.98625 -0.00000
4.99125 -0.00000
4.99625 -0.00000
5.00125 -0.00000
5.00625 -0.00000
5.01125 -0.00000
5.01625 -0.00000
5.02126 -0.00000
5.02626 -0.00000
5.03126 -0.00000
5.03626 -0.00000
5.04126 -0.00000
5.04626 -0.00000
5.05126 -0.00000
5.05626 -0.00000
5.06127 -0.00000
5.06627 -0.00000
5.07127 -0.00000
5.07627 -0.00000
5.08127 -0.00000
5.08627 -0.00000
5.09127 -0.00000
5.09627 -0.00000
5.10128 -0.00000
5.10628 -0.00000
5.11128 -0.00000
5.11628 -0.00000
5.12128 -0.00000
5.12628 -0.00000
5.13128 -0.00000
5.13628 -0.00000
5.14129 -0.00000
5.14629 -0.00000
5.15129 -0.00000
5.15629 -0.00000
5.16129 -0.00000
5.16629 -0.00000
5.17129 -0.00000
5.17629 -0.00000
5.18130 -0.00000
5.18630 -0.00000
5.19130 -0.00000
5.19630 -0.00000
5.20130 -0.00000
5.20630 -0.00000
5.21130 -0.00000
5.21630 -0.00000
5.22131 -0.00000
5.22631 -0.00000
5.23131 -0.00000
5.23631 -0.00000
5.24131 -0.00000
5.24631 -0.00000
5.25131 -0.00000
5.25631 -0.00000
5.26132 -0.00000
5.26632 -0.00000
5.27132 -0.00000
5.27632 -0.00000
5.28132 -0.00000
5.28632 -0.00000
5.29132 -0.00000
5.29632 -0.00000
5.30133 -0.00000
5.30633 -0.00000
5.31133 -0.00000
5.31633 -0.00000
5.32133 -0.00000
5.32633 -0.00000
5.33133 -0.00000
5.33633 -0.00000
5.34134 -0.00000
5.34634 -0.00000
5.35134 -0.00000
5.35634 -0.00000
5.36134 -0.00000
5.36634 -0.00000
5.37134 -0.00000
5.37634 -0.00000
5.38135 -0.00000
5.38635 -0.00000
5.39135 -0.00000
5.39635 -0.00000
5.40135 -0.00000
5.40635 -0.00000
5.41135 -0.00000
5.41635 -0.00000
5.42136 -0.00000
5.42636 -0.00000
5.43136 -0.00000
5.43636 -0.00000
5.44136 -0.00000
5.44636 -0.00000
5.45136 -0.00000
5.45636 -0.00000
5.46137 -0.00000
5.46637 -0.00000
5.47137 -0.00000
5.47637 -0.00000
5.48137 -0.00000
5.48637 -0.00000
5.49137 -0.00000
5.49637 -0.00000
5.50138 -0.00000
5.50638 -0.00000
5.51138 -0.00000
5.51638 -0.00000
5.52138 -0.00000
5.52638 -0.00000
5.53138 -0.00000
5.53638 -0.00000
5.54139 -0.00000
5.54639 -0.00000
5.55139 -0.00000
5.55639 -0.00000
5.56139 -0.00000
5.56639 -0.00000
5.57139 -0.00000
5.57639 -0.00000
5.58140 -0.00000
5.58640 -0.00000
5.59140 -0.00000
5.59640 -0.00000
5.60140 -0.00000
5.60640 -0.00000
5.61140 -0.00000
5.61640 -0.00000
5.62141 -0.00000
5.62641 -0.00000
5.63141 -0.00000
5.63641 -0.00000
5.64141 -0.00000
5.64641 -0.00000
5.65141 -0.00000
5.65641 -0.00000
5.66142 -0.00000
5.66642 -0.00000
5.67142 -0.00000
5.67642 -0.00000
5.68142 -0.00000
5.68642 -0.00000
5.69142 -0.00000
5.69642 -0.00000
5.70143 -0.00000
5.70643 -0.00000
5.71143 -0.00000
5.71643 -0.00000
5.72143 -0.00000
5.72643 -0.00000
5.73143 -0.00000
5.73643 -0.00000
5.74144 -0.00000
5.74644 -0.00000
5.75144 -0.00000
5.75644 -0.00000
5.76144 -0.00000
5.76644 -0.00000
5.77144 -0.00000
5.77644 -0.00000
5.78145 -0.00000
5.78645 -0.00000
5.79145 -0.00000
5.79645 -0.00000
5.80145 -0.00000
5.80645 -0.00000
5.81145 -0.00000
5.81645 -0.00000
5.82146 -0.00000
5.82646 -0.00000
5.83146 -0.00000
5.83646 -0.00000
5.84146 -0.00000
5.84646 -0.00000
5.85146 -0.00000
5.85646 -0.00000
5.86147 -0.00000
5.86647 -0.00000
5.87147 -0.00000
5.87647 -0.00000
5.88147 -0.00000
5.88647 -0.00000
5.89147 -0.00000
5.89647 -0.00000
5.90148 -0.00000
5.90648 -0.00000
5.91148 -0.00000
5.91648 -0.00000
5.92148 -0.00000
5.92648 -0.00000
5.93148 -0.00000
5.93648 -0.00000
5.94149 -0.00000
5.94649 -0.00000
5.95149 -0.00000
5.95649 -0.00000
5.96149 -0.00000
5.96649 -0.00000
5.97149 -0.00000
5.97649 -0.00000
5.98150 -0.00000
5.98650 -0.00000
5.99150 -0.00000
5.99650 -0.00000
6.00150 -0.00000
6.00650 -0.00000
6.01150 -0.00000
6.01650 -0.00000
6.02151 -0.00000
6.02651 -0.00000
6.03151 -0.00000
6.03651 -0.00000
6.04151 -0.00000
6.04651 -0.00000
6.05151 -0.00000
6.05651 -0.00000
6.06152 -0.00000
6.06652 -0.00000
6.07152 -0.00000
6.07652 -0.00000
6.08152 -0.00000
6.08652 -0.00000
6.09152 -0.00000
6.09652 -0.00000
6.10153 -0.00000
6.10653 -0.00000
6.11153 -0.00000
6.11653 -0.00000
6.12153 -0.00000
6.12653 -0.00000
6.13153 -0.00000
6.13653 -0.00000
6.14154 -0.00000
6.14654 -0.00000
6.15154 -0.00000
6.15654 -0.00000
6.16154 -0.00000
6.16654 -0.00000
6.17154 -0.00000
6.17654 -0.00000
6.18155 -0.00000
6.18655 -0.00000
6.19155 -0.00000
6.19655 -0.00000
6.20155 -0.00000
6.20655 -0.00000
6.21155 -0.00000
6.21655 -0.00000
6.22156 -0.00000
6.22656 -0.00000
6.23156 -0.00000
6.23656 -0.00000
6.24156 -0.00000
6.24656 -0.00000
6.25156 -0.00000
6.25656 -0.00000
6.26157 -0.00000
6.26657 -0.00000
6.27157 -0.00000
6.27657 -0.00000
6.28157 -0.00000
6.28657 -0.00000
6.29157 -0.00000
6.29657 -0.00000
6.30158 -0.00000
6.30658 -0.00000
6.31158 -0.00000
6.31658 -0.00000
6.32158 -0.00000
6.32658 -0.00000
6.33158 -0.00000
6.33658 -0.00000
6.34159 -0.00000
6.34659 -0.00000
6.35159 -0.00000
6.35659 -0.00000
6.36159 -0.00000
6.36659 -0.00000
6.37159 -0.00000
6.37659 -0.00000
6.38160 -0.00000
6.38660 -0.00000
6.39160 -0.00000
6.39660 -0.00000
6.40160 -0.00000
6.40660 -0.00000
6.41160 -0.00000
6.41660 -0.00000
6.42161 -0.00000
6.42661 -0.00000
6.43161 -0.00000
6.43661 -0.00000
6.44161 -0.00000
6.44661 -0.00000
6.45161 -0.00000
6.45661 -0.00000
6.46162 -0.00000
6.46662 -0.00000
6.47162 -0.00000
6.47662 -0.00000
6.48162 -0.00000
6.48662 -0.00000
6.49162 -0.00000
6.49662 -0.00000
6.50163 -0.00000
6.50663 -0.00000
6.51163 -0.00000
6.51663 -0.00000
6.52163 -0.00000
6.52663 -0.00000
6.53163 -0.00000
6.53663 -0.00000
6.54164 -0.00000
6.54664 -0.00000
6.55164 -0.00000
6.55664 -0.00000
6.56164 -0.00000
6.56664 -0.00000
6.57164 -0.00000
6.57664 -0.00000
6.58165 -0.00000
6.58665 -0.00000
6.59165 -0.00000
6.59665 -0.00000
6.60165 -0.00000
6.60665 -0.00000
6.61165 -0.00000
6.61665 -0.00000
6.62166 -0.00000
6.62666 -0.00000
6.63166 -0.00000
6.63666 -0.00000
6.64166 -0.00000
6.64666 -0.00000
6.65166 -0.00000
6.65666 -0.00000
6.66167 -0.00000
6.66667 -0.00000
6.67167 -0.00000
6.67667 -0.00000
6.68167 -0.00000
6.68667 -0.00000
6.69167 -0.00000
6.69667 -0.00000
6.70168 -0.00000
6.70668 -0.00000
6.71168 -0.00000
6.71668 -0.00000
6.72168 -0.00000
6.72668 -0.00000
6.73168 -0.00000
6.73668 -0.00000
6.74169 -0.00000
6.74669 -0.00000
6.75169 -0.00000
6.75669 -0.00000
6.76169 -0.00000
6.76669 -0.00000
6.77169 -0.00000
6.77669 -0.00000
6.78170 -0.00000
6.78670 -0.00000
6.79170 -0.00000
6.79670 -0.00000
6.80170 -0.00000
6.80670 -0.00000
6.81170 -0.00000
6.81670 -0.00000
6.82171 -0.00000
6.82671 -0.00000
6.83171 -0.00000
6.83671 -0.00000
6.84171 -0.00000
6.84671 -0.00000
6.85171 -0.00000
6.85671 -0.00000
6.86172 -0.00000
6.86672 -0.00000
6.87172 -0.00000
6.87672 -0.00000
6.88172 -0.00000
6.88672 -0.00000
6.89172 -0.00000
6.89672 -0.00000
6.90173 -0.00000
6.90673 -0.00000
6.91173 -0.00000
6.91673 -0.00000
6.92173 -0.00000
6.92673 -0.00000
6.93173 -0.00000
6.93673 -0.00000
6.94174 -0.00000
6.94674 -0.00000
6.95174 -0.00000
6.95674 -0.00000
6.96174 -0.00000
6.96674 -0.00000
6.97174 -0.00000
6.97674 -0.00000
6.98175 -0.00000
6.98675 -0.00000
6.99175 -0.00000
6.99675 -0.00000
7.00175 -0.00000
7.00675 -0.00000
7.01175 -0.00000
7.01675 -0.00000
7.02176 -0.00000
7.02676 -0.00000
7.03176 -0.00000
7.03676 -0.00000
7.04176 -0.00000
7.04676 -0.00000
7.05176 -0.00000
7.05676 -0.00000
7.06177 -0.00000
7.06677 -0.00000
7.07177 -0.00000
7.07677 -0.00000
7.08177 -0.00000
7.08677 -0.00000
7.09177 -0.00000
7.09677 -0.00000
7.10178 -0.00000
7.10678 -0.00000
7.11178 -0.00000
7.11678 -0.00000
7.12178 -0.00000
7.12678 -0.00000
7.13178 -0.00000
7.13678 -0.00000
7.14179 -0.00000
7.14679 -0.00000
7.15179 -0.00000
7.15679 -0.00000
7.16179 -0.00000
7.16679 -0.00000
7.17179 -0.00000
7.17679 -0.00000
7.18180 -0.00000
7.18680 -0.00000
7.19180 -0.00000
7.19680 -0.00000
7.20180 -0.00000
7.20680 -0.00000
7.21180 -0.00000
7.21680 -0.00000
7.22181 -0.00000
7.22681 -0.00000
7.23181 -0.00000
7.23681 -0.00000
7.24181 -0.00000
7.24681 -0.00000
7.25181 -0.00000
7.25681 -0.00000
7.26182 -0.00000
7.26682 -0.00000
7.27182 -0.00000
7.27682 -0.00000
7.28182 -0.00000
7.28682 -0.00000
7.29182 -0.00000
7.29682 -0.00000
7.30183 -0.00000
7.30683 -0.00000
7.31183 -0.00000
7.31683 -0.00000
7.32183 -0.00000
7.32683 -0.00000
7.33183 -0.00000
7.33683 -0.00000
7.34184 -0.00000
7.34684 -0.00000
7.35184 -0.00000
7.35684 -0.00000
7.36184 -0.00000
7.36684 -0.00000
7.37184 -0.00000
7.37684 -0.00000
7.38185 -0.00000
7.38685 -0.00000
7.39185 -0.00000
7.39685 -0.00000
7.40185 -0.00000
7.40685 -0.00000
7.41185 -0.00000
7.41685 -0.00000
7.42186 -0.00000
7.42686 -0.00000
7.43186 -0.00000
7.43686 -0.00000
7.44186 -0.00000
7.44686 -0.00000
7.45186 -0.00000
7.45686 -0.00000
7.46187 -0.00000
7.46687 -0.00000
7.47187 -0.00000
7.47687 -0.00000
7.48187 -0.00000
7.48687 -0.00000
7.49187 -0.00000
7.49687 -0.00000
7.50188 -0.00000
7.50688 -0.00000
7.51188 -0.00000
7.51688 -0.00000
7.52188 -0.00000
7.52688 -0.00000
7.53188 -0.00000
7.53688 -0.00000
7.54189 -0.00000
7.54689 -0.00000
7.55189 -0.00000
7.55689 -0.00000
7.56189 -0.00000
7.56689 -0.00000
7.57189 -0.00000
7.57689 -0.00000
7.58190 -0.00000
7.58690 -0.00000
7.59190 -0.00000
7.59690 -0.00000
7.60190 -0.00000
7.60690 -0.00000
7.61190 -0.00000
7.61690 -0.00000
7.62191 -0.00000
7.62691 -0.00000
7.63191 -0.00000
7.63691 -0.00000
7.64191 -0.00000
7.64691 -0.00000
7.65191 -0.00000
7.65691 -0.00000
7.66192 -0.00000
7.66692 -0.00000
7.67192 -0.00000
7.67692 -0.00000
7.68192 -0.00000
7.68692 -0.00000
7.69192 -0.00000
7.69692 -0.00000
7.70193 -0.00000
7.70693 -0.00000
7.71193 -0.00000
7.71693 -0.00000
7.72193 -0.00000
7.72693 -0.00000
7.73193 -0.00000
7.73693 -0.00000
7.74194 -0.00000
7.74694 -0.00000
7.75194 -0.00000
7.75694 -0.00000
7.76194 -0.00000
7.76694 -0.00000
7.77194 -0.00000
7.77694 -0.00000
7.78195 -0.00000
7.78695 -0.00000
7.79195 -0.00000
7.79695 -0.00000
7.80195 -0.00000
7.80695 -0.00000
7.81195 -0.00000
7.81695 -0.00000
7.82196 -0.00000
7.82696 -0.00000
7.83196 -0.00000
7.83696 -0.00000
7.84196 -0.00000
7.84696 -0.00000
7.85196 -0.00000
7.85696 -0.00000
7.86197 -0.00000
7.86697 -0.00000
7.87197 -0.00000
7.87697 -0.00000
7.88197 -0.00000
7.88697 -0.00000
7.89197 -0.00000
7.89697 -0.00000
7.90198 -0.00000
7.90698 -0.00000
7.91198 -0.00000
7.91698 -0.00000
7.92198 -0.00000
7.92698 -0.00000
7.93198 -0.00000
7.93698 -0.00000
7.94199 -0.00000
7.94699 -0.00000
7.95199 -0.00000
7.95699 -0.00000
7.96199 -0.00000
7.96699 -0.00000
7.97199 -0.00000
7.97699 -0.00000
7.98200 -0.00000
7.98700 -0.00000
7.99200 -0.00000
7.99700 -0.00000
8.00200 -0.00000
8.00700 -0.00000
8.01200 -0.00000
8.01700 -0.00000
8.02201 -0.00000
8.02701 -0.00000
8.03201 -0.00000
8.03701 -0.00000
8.04201 -0.00000
8.04701 -0.00000
8.05201 -0.00000
8.05701 -0.00000
8.06202 -0.00000
8.06702 -0.00000
8.07202 -0.00000
8.07702 -0.00000
8.08202 -0.00000
8.08702 -0.00000
8.09202 -0.00000
8.09702 -0.00000
8.10203 -0.00000
8.10703 -0.00000
8.11203 -0.00000
8.11703 -0.00000
8.12203 -0.00000
8.12703 -0.00000
8.13203 -0.00000
8.13703 -0.00000
8.14204 -0.00000
8.14704 -0.00000
8.15204 -0.00000
8.15704 -0.00000
8.16204 -0.00000
8.16704 -0.00000
8.17204 -0.00000
8.17704 -0.00000
8.18205 -0.00000
8.18705 -0.00000
8.19205 -0.00000
8.19705 -0.00000
8.20205 -0.00000
8.20705 -0.00000
8.21205 -0.00000
8.21705 -0.00000
8.22206 -0.00000
8.22706 -0.00000
8.23206 -0.00000
8.23706 -0.00000
8.24206 -0.00000
8.24706 -0.00000
8.25206 -0.00000
8.25706 -0.00000
8.26207 -0.00000
8.26707 -0.00000
8.27207 -0.00000
8.27707 -0.00000
8.28207 -0.00000
8.28707 -0.00000
8.29207 -0.00000
8.29707 -0.00000
8.30208 -0.00000
8.30708 -0.00000
8.31208 -0.00000
8.31708 -0.00000
8.32208 -0.00000
8.32708 -0.00000
8.33208 -0.00000
8.33708 -0.00000
8.34209 -0.00000
8.34709 -0.00000
8.35209 -0.00000
8.35709 -0.00000
8.36209 -0.00000
8.36709 -0.00000
8.37209 -0.00000
8.37709 -0.00000
8.38210 -0.00000
8.38710 -0.00000
8.39210 -0.00000
8.39710 -0.00000
8.40210 -0.00000
8.40710 -0.00000
8.41210 -0.00000
8.41710 -0.00000
8.42211 -0.00000
8.42711 -0.00000
8.43211 -0.00000
8.43711 -0.00000
8.44211 -0.00000
8.44711 -0.00000
8.45211 -0.00000
8.45711 -0.00000
8.46212 -0.00000
8.46712 -0.00000
8.47212 -0.00000
8.47712 -0.00000
8.48212 -0.00000
8.48712 -0.00000
8.49212 -0.00000
8.49712 -0.00000
8.50213 -0.00000
8.50713 -0.00000
8.51213 -0.00000
8.51713 -0.00000
8.52213 -0.00000
8.52713 -0.00000
8.53213 -0.00000
8.53713 -0.00000
8.54214 -0.00000
8.54714 -0.00000
8.55214 -0.00000
8.55714 -0.00000
8.56214 -0.00000
8.56714 -0.00000
8.57214 -0.00000
8.57714 -0.00000
8.58215 -0.00000
8.58715 -0.00000
8.59215 -0.00000
8.59715 -0.00000
8.60215 -0.00000
8.60715 -0.00000
8.61215 -0.00000
8.61715 -0.00000
8.62216 -0.00000
8.62716 -0.00000
8.63216 -0.00000
8.63716 -0.00000
8.64216 -0.00000
8.64716 -0.00000
8.65216 -0.00000
8.65716 -0.00000
8.66217 -0.00000
8.66717 -0.00000
8.67217 -0.00000
8.67717 -0.00000
8.68217 -0.00000
8.68717 -0.00000
8.69217 -0.00000
8.69717 -0.00000
8.70218 -0.00000
8.70718 -0.00000
8.71218 -0.00000
8.71718 -0.00000
8.72218 -0.00000
8.72718 -0.00000
8.73218 -0.00000
8.73718 -0.00000
8.74219 -0.00000
8.74719 -0.00000
8.75219 -0.00000
8.75719 -0.00000
8.76219 -0.00000
8.76719 -0.00000
8.77219 -0.00000
8.77719 -0.00000
8.78220 -0.00000
8.78720 -0.00000
8.79220 -0.00000
8.79720 -0.00000
8.80220 -0.00000
8.80720 -0.00000
8.81220 -0.00000
8.81720 -0.00000
8.82221 -0.00000
8.82721 -0.00000
8.83221 -0.00000
8.83721 -0.00000
8.84221 -0.00000
8.84721 -0.00000
8.85221 -0.00000
8.85721 -0.00000
8.86222 -0.00000
8.86722 -0.00000
8.87222 -0.00000
8.87722 -0.00000
8.88222 -0.00000
8.88722 -0.00000
8.89222 -0.00000
8.89722 -0.00000
8.90223 -0.00000
8.90723 -0.00000
8.91223 -0.00000
8.91723 -0.00000
8.92223 -0.00000
8.92723 -0.00000
8.93223 -0.00000
8.93723 -0.00000
8.94224 -0.00000
8.94724 -0.00000
8.95224 -0.00000
8.95724 -0.00000
8.96224 -0.00000
8.96724 -0.00000
8.97224 -0.00000
8.97724 -0.00000
8.98225 -0.00000
8.98725 -0.00000
8.99225 -0.00000
8.99725 -0.00000
9.00225 -0.00000
9.00725 -0.00000
9.01225 -0.00000
9.01725 -0.00000
9.02226 -0.00000
9.02726 -0.00000
9.03226 -0.00000
9.03726 -0.00000
9.04226 -0.00000
9.04726 -0.00000
9.05226 -0.00000
9.05726 -0.00000
9.06227 -0.00000
9.06727 -0.00000
9.07227 -0.00000
9.07727 -0.00000
9.08227 -0.00000
9.08727 -0.00000
9.09227 -0.00000
9.09727 -0.00000
9.10228 -0.00000
9.10728 -0.00000
9.11228 -0.00000
9.11728 -0.00000
9.12228 -0.00000
9.12728 -0.00000
9.13228 -0.00000
9.13728 -0.00000
9.14229 -0.00000
9.14729 -0.00000
9.15229 -0.00000
9.15729 -0.00000
9.16229 -0.00000
9.16729 -0.00000
9.17229 -0.00000
9.17729 -0.00000
9.18230 -0.00000
9.18730 -0.00000
9.19230 -0.00000
9.19730 -0.00000
9.20230 -0.00000
9.20730 -0.00000
9.21230 -0.00000
9.21730 -0.00000
9.22231 -0.00000
9.22731 -0.00000
9.23231 -0.00000
9.23731 -0.00000
9.24231 -0.00000
9.24731 -0.00000
9.25231 -0.00000
9.25731 -0.00000
9.26232 -0.00000
9.26732 -0.00000
9.27232 -0.00000
9.27732 -0.00000
9.28232 -0.00000
9.28732 -0.00000
9.29232 -0.00000
9.29732 -0.00000
9.30233 -0.00000
9.30733 -0.00000
9.31233 -0.00000
9.31733 -0.00000
9.32233 -0.00000
9.32733 -0.00000
9.33233 -0.00000
9.33733 -0.00000
9.34234 -0.00000
9.34734 -0.00000
9.35234 -0.00000
9.35734 -0.00000
9.36234 -0.00000
9.36734 -0.00000
9.37234 -0.00000
9.37734 -0.00000
9.38235 -0.00000
9.38735 -0.00000
9.39235 -0.00000
9.39735 -0.00000
9.40235 -0.00000
9.40735 -0.00000
9.41235 -0.00000
9.41735 -0.00000
9.42236 -0.00000
9.42736 -0.00000
9.43236 -0.00000
9.43736 -0.00000
9.44236 -0.00000
9.44736 -0.00000
9.45236 -0.00000
9.45736 -0.00000
9.46237 -0.00000
9.46737 -0.00000
9.47237 -0.00000
9.47737 -0.00000
9.48237 -0.00000
9.48737 -0.00000
9.49237 -0.00000
9.49737 -0.00000
9.50238 -0.00000
9.50738 -0.00000
9.51238 -0.00000
9.51738 -0.00000
9.52238 -0.00000
9.52738 -0.00000
9.53238 -0.00000
9.53738 -0.00000
9.54239 -0.00000
9.54739 -0.00000
9.55239 -0.00000
9.55739 -0.00000
9.56239 -0.00000
9.56739 -0.00000
9.57239 -0.00000
9.57739 -0.00000
9.58240 -0.00000
9.58740 -0.00000
9.59240 -0.00000
9.59740 -0.00000
9.60240 -0.00000
9.60740 -0.00000
9.61240 -0.00000
9.61740 -0.00000
9.62241 -0.00000
9.62741 -0.00000
9.63241 -0.00000
9.63741 -0.00000
9.64241 -0.00000
9.64741 -0.00000
9.65241 -0.00000
9.65741 -0.00000
9.66242 -0.00000
9.66742 -0.00000
9.67242 -0.00000
9.67742 -0.00000
9.68242 -0.00000
9.68742 -0.00000
9.69242 -0.00000
9.69742 -0.00000
9.70243 -0.00000
9.70743 -0.00000
9.71243 -0.00000
9.71743 -0.00000
9.72243 -0.00000
9.72743 -0.00000
9.73243 -0.00000
9.73743 -0.00000
9.74244 -0.00000
9.74744 -0.00000
9.75244 -0.00000
9.75744 -0.00000
9.76244 -0.00000
9.76744 -0.00000
9.77244 -0.00000
9.77744 -0.00000
9.78245 -0.00000
9.78745 -0.00000
9.79245 -0.00000
9.79745 -0.00000
9.80245 -0.00000
9.80745 -0.00000
9.81245 -0.00000
9.81745 -0.00000
9.82246 -0.00001
9.82746 -0.00001
9.83246 -0.00001
9.83746 -0.00001
9.84246 -0.00002
9.84746 -0.00002
9.85246 -0.00003
9.85746 -0.00003
9.86247 -0.00004
9.86747 -0.00005
9.87247 -0.00006
9.87747 -0.00007
9.88247 -0.00008
9.88747 -0.00009
9.89247 -0.00010
9.89747 -0.00011
9.90248 -0.00011
9.90748 -0.00012
9.91248 -0.00012
9.91748 -0.00012
9.92248 -0.00012
9.92748 -0.00011
9.93248 -0.00009
9.93748 -0.00007
9.94249 -0.00005
9.94749 -0.00002
9.95249 0.00002
9.95749 0.00005
9.96249 0.00009
9.96749 0.00013
9.97249 0.00016
9.97749 0.00020
9.98250 0.00023
9.98750 0.00025
9.99250 0.00027
9.99750 0.00027
10.00250 0.00027
10.00750 0.00027
10.01250 0.00025
10.01750 0.00023
10.02251 0.00020
10.02751 0.00016
10.03251 0.00013
10.03751 0.00009
10.04251 0.00005
10.04751 0.00002
10.05251 -0.00002
10.05751 -0.00005
10.06252 -0.00007
10.06752 -0.00009
10.07252 -0.00011
10.07752 -0.00012
10.08252 -0.00012
10.08752 -0.00012
10.09252 -0.00012
10.09752 -0.00011
10.10253 -0.00011
10.10753 -0.00010
10.11253 -0.00009
10.11753 -0.00008
10.12253 -0.00007
10.12753 -0.00006
10.13253 -0.00005
10.13753 -0.00004
10.14254 -0.00003
10.14754 -0.00003
10.15254 -0.00002
10.15754 -0.00002
10.16254 -0.00001
10.16754 -0.00001
10.17254 -0.00001
10.17754 -0.00001
10.18255 -0.00000
10.18755 -0.00000
10.19255 -0.00000
10.19755 -0.00000
10.20255 -0.00000
10.20755 -0.00000
10.21255 -0.00000
10.21755 -0.00000
10.22256 -0.00000
10.22756 -0.00000
10.23256 -0.00000
10.23756 -0.00000
10.24256 -0.00000
10.24756 -0.00000
10.25256 -0.00000
10.25756 -0.00000
10.26257 -0.00000
10.26757 -0.00000
10.27257 -0.00000
10.27757 -0.00000
10.28257 -0.00000
10.28757 -0.00000
10.29257 -0.00000
10.29757 -0.00000
10.30258 -0.00000
10.30758 -0.00000
10.31258 -0.00000
10.31758 -0.00000
10.32258 -0.00000
10.32758 -0.00000
10.33258 -0.00000
10.33758 -0.00000
10.34259 -0.00000
10.34759 -0.00000
10.35259 -0.00000
10.35759 -0.00000
10.36259 -0.00000
10.36759 -0.00000
10.37259 -0.00000
10.37759 -0.00000
10.38260 -0.00000
10.38760 -0.00000
10.39260 -0.00000
10.39760 -0.00000
10.40260 -0.00000
10.40760 -0.00000
10.41260 -0.00000
10.41760 -0.00000
10.42261 -0.00000
10.42761 -0.00000
10.43261 -0.00000
10.43761 -0.00000
10.44261 -0.00000
10.44761 -0.00000
10.45261 -0.00000
10.45761 -0.00000
10.46262 -0.00000
10.46762 -0.00000
10.47262 -0.00000
10.47762 -0.00000
10.48262 -0.00000
10.48762 -0.00000
10.49262 -0.00000
10.49762 -0.00000
10.50263 -0.00000
10.50763 -0.00000
10.51263 -0.00000
10.51763 -0.00000
10.52263 -0.00000
10.52763 -0.00000
10.53263 -0.00000
10.53763 -0.00000
10.54264 -0.00000
10.54764 -0.00000
10.55264 -0.00000
10.55764 -0.00000
10.56264 -0.00000
10.56764 -0.00000
10.57264 -0.00000
10.57764 -0.00000
10.58265 -0.00000
10.58765 -0.00000
10.59265 -0.00000
10.59765 -0.00000
10.60265 -0.00000
10.60765 -0.00000
10.61265 -0.00000
10.61765 -0.00000
10.62266 -0.00000
10.62766 -0.00000
10.63266 -0.00000
10.63766 -0.00000
10.64266 -0.00000
10.64766 -0.00000
10.65266 -0.00000
10.65766 -0.00000
10.66267 -0.00000
10.66767 -0.00000
10.67267 -0.00000
10.67767 -0.00000
10.68267 -0.00000
10.68767 -0.00000
10.69267 -0.00000
10.69767 -0.00000
10.70268 -0.00000
10.70768 -0.00000
10.71268 -0.00000
10.71768 -0.00000
10.72268 -0.00000
10.72768 -0.00000
10.73268 -0.00000
10.73768 -0.00000
10.74269 -0.00000
10.74769 -0.00000
10.75269 -0.00000
10.75769 -0.00000
10.76269 -0.00000
10.76769 -0.00000
10.77269 -0.00000
10.77769 -0.00000
10.78270 -0.00000
10.78770 -0.00000
10.79270 -0.00000
10.79770 -0.00000
10.80270 -0.00000
10.80770 -0.00000
10.81270 -0.00000
10.81770 -0.00000
10.82271 -0.00000
10.82771 -0.00000
10.83271 -0.00000
10.83771 -0.00000
10.84271 -0.00000
10.84771 -0.00000
10.85271 -0.00000
10.85771 -0.00000
10.86272 -0.00000
10.86772 -0.00000
10.87272 -0.00000
10.87772 -0.00000
10.88272 -0.00000
10.88772 -0.00000
10.89272 -0.00000
10.89772 -0.00000
10.90273 -0.00000
10.90773 -0.00000
10.91273 -0.00000
10.91773 -0.00000
10.92273 -0.00000
10.92773 -0.00000
10.93273 -0.00000
10.93773 -0.00000
10.94274 -0.00000
10.94774 -0.00000
10.95274 -0.00000
10.95774 -0.00000
10.96274 -0.00000
10.96774 -0.00000
10.97274 -0.00000
10.97774 -0.00000
10.98275 -0.00000
10.98775 -0.00000
10.99275 -0.00000
10.99775 -0.00000
11.00275 -0.00000
11.00775 -0.00000
11.01275 -0.00000
11.01775 -0.00000
11.02276 -0.00000
11.02776 -0.00000
11.03276 -0.00000
11.03776 -0.00000
11.04276 -0.00000
11.04776 -0.00000
11.05276 -0.00000
11.05776 -0.00000
11.06277 -0.00000
11.06777 -0.00000
11.07277 -0.00000
11.07777 -0.00000
11.08277 -0.00000
11.08777 -0.00000
11.09277 -0.00000
11.09777 -0.00000
11.10278 -0.00000
11.10778 -0.00000
11.11278 -0.00000
11.11778 -0.00000
11.12278 -0.00000
11.12778 -0.00000
11.13278 -0.00000
11.13778 -0.00000
11.14279 -0.00000
11.14779 -0.00000
11.15279 -0.00000
11.15779 -0.00000
11.16279 -0.00000
11.16779 -0.00000
11.17279 -0.00000
11.17779 -0.00000
11.18280 -0.00000
11.18780 -0.00000
11.19280 -0.00000
11.19780 -0.00000
11.20280 -0.00000
11.20780 -0.00000
11.21280 -0.00000
11.21780 -0.00000
11.22281 -0.00000
11.22781 -0.00000
11.23281 -0.00000
11.23781 -0.00000
11.24281 -0.00000
11.24781 -0.00000
11.25281 -0.00000
11.25781 -0.00000
11.26282 -0.00000
11.26782 -0.00000
11.27282 -0.00000
11.27782 -0.00000
11.28282 -0.00000
11.28782 -0.00000
11.29282 -0.00000
11.29782 -0.00000
11.30283 -0.00000
11.30783 -0.00000
11.31283 -0.00000
11.31783 -0.00000
11.32283 -0.00000
11.32783 -0.00000
11.33283 -0.00000
11.33783 -0.00000
11.34284 -0.00000
11.34784 -0.00000
11.35284 -0.00000
11.35784 -0.00000
11.36284 -0.00000
11.36784 -0.00000
11.37284 -0.00000
11.37784 -0.00000
11.38285 -0.00000
11.38785 -0.00000
11.39285 -0.00000
11.39785 -0.00000
11.40285 -0.00000
11.40785 -0.00000
11.41285 -0.00000
11.41785 -0.00000
11.42286 -0.00000
11.42786 -0.00000
11.43286 -0.00000
11.43786 -0.00000
11.44286 -0.00000
11.44786 -0.00000
11.45286 -0.00000
11.45786 -0.00000
11.46287 -0.00000
11.46787 -0.00000
11.47287 -0.00000
11.47787 -0.00000
11.48287 -0.00000
11.48787 -0.00000
11.49287 -0.00000
11.49787 -0.00000
11.50288 -0.00000
11.50788 -0.00000
11.51288 -0.00000
11.51788 -0.00000
11.52288 -0.00000
11.52788 -0.00000
11.53288 -0.00000
11.53788 -0.00000
11.54289 -0.00000
11.54789 -0.00000
11.55289 -0.00000
11.55789 -0.00000
11.56289 -0.00000
11.56789 -0.00000
11.57289 -0.00000
11.57789 -0.00000
11.58290 -0.00000
11.58790 -0.00000
11.59290 -0.00000
11.59790 -0.00000
11.60290 -0.00000
11.60790 -0.00000
11.61290 -0.00000
11.61790 -0.00000
11.62291 -0.00000
11.62791 -0.00000
11.63291 -0.00000
11.63791 -0.00000
11.64291 -0.00000
11.64791 -0.00000
11.65291 -0.00000
11.65791 -0.00000
11.66292 -0.00000
11.66792 -0.00000
11.67292 -0.00000
11.67792 -0.00000
11.68292 -0.00000
11.68792 -0.00000
11.69292 -0.00000
11.69792 -0.00000
11.70293 -0.00000
11.70793 -0.00000
11.71293 -0.00000
11.71793 -0.00000
11.72293 -0.00000
11.72793 -0.00000
11.73293 -0.00000
11.73793 -0.00000
11.74294 -0.00000
11.74794 -0.00000
11.75294 -0.00000
11.75794 -0.00000
11.76294 -0.00000
11.76794 -0.00000
11.77294 -0.00000
11.77794 -0.00000
11.78295 -0.00000
11.78795 -0.00000
11.79295 -0.00000
11.79795 -0.00000
11.80295 -0.00000
11.80795 -0.00000
11.81295 -0.00000
11.81795 -0.00000
11.82296 -0.00000
11.82796 -0.00000
11.83296 -0.00000
11.83796 -0.00000
11.84296 -0.00000
11.84796 -0.00000
11.85296 -0.00000
11.85796 -0.00000
11.86297 -0.00000
11.86797 -0.00000
11.87297 -0.00000
11.87797 -0.00000
11.88297 -0.00000
11.88797 -0.00000
11.89297 -0.00000
11.89797 -0.00000
11.90298 -0.00000
11.90798 -0.00000
11.91298 -0.00000
11.91798 -0.00000
11.92298 -0.00000
11.92798 -0.00000
11.93298 -0.00000
11.93798 -0.00000
11.94299 -0.00000
11.94799 -0.00000
11.95299 -0.00000
11.95799 -0.00000
11.96299 -0.00000
11.96799 -0.00000
11.97299 -0.00000
11.97799 -0.00000
11.98300 -0.00000
11.98800 -0.00000
11.99300 -0.00000
11.99800 -0.00000
12.00300 -0.00000
12.00800 -0.00000
12.01300 -0.00000
12.01800 -0.00000
12.02301 -0.00000
12.02801 -0.00000
12.03301 -0.00000
12.03801 -0.00000
12.04301 -0.00000
12.04801 -0.00000
12.05301 -0.00000
12.05801 -0.00000
12.06302 -0.00000
12.06802 -0.00000
12.07302 -0.00000
12.07802 -0.00000
12.08302 -0.00000
12.08802 -0.00000
12.09302 -0.00000
12.09802 -0.00000
12.10303 -0.00000
12.10803 -0.00000
12.11303 -0.00000
12.11803 -0.00000
12.12303 -0.00000
12.12803 -0.00000
12.13303 -0.00000
12.13803 -0.00000
12.14304 -0.00000
12.14804 -0.00000
12.15304 -0.00000
12.15804 -0.00000
12.16304 -0.00000
12.16804 -0.00000
12.17304 -0.00000
12.17804 -0.00000
12.18305 -0.00000
12.18805 -0.00000
12.19305 -0.00000
12.19805 -0.00000
12.20305 -0.00000
12.20805 -0.00000
12.21305 -0.00000
12.21805 -0.00000
12.22306 -0.00000
12.22806 -0.00000
12.23306 -0.00000
12.23806 -0.00000
12.24306 -0.00000
12.24806 -0.00000
12.25306 -0.00000
12.25806 -0.00000
12.26307 -0.00000
12.26807 -0.00000
12.27307 -0.00000
12.27807 -0.00000
12.28307 -0.00000
12.28807 -0.00000
12.29307 -0.00000
12.29807 -0.00000
12.30308 -0.00000
12.30808 -0.00000
12.31308 -0.00000
12.31808 -0.00000
12.32308 -0.00000
12.32808 -0.00000
12.33308 -0.00000
12.33808 -0.00000
12.34309 -0.00000
12.34809 -0.00000
12.35309 -0.00000
12.35809 -0.00000
12.36309 -0.00000
12.36809 -0.00000
12.37309 -0.00000
12.37809 -0.00000
12.38310 -0.00000
12.38810 -0.00000
12.39310 -0.00000
12.39810 -0.00000
12.40310 -0.00000
12.40810 -0.00000
12.41310 -0.00000
12.41810 -0.00000
12.42311 -0.00000
12.42811 -0.00000
12.43311 -0.00000
12.43811 -0.00000
12.44311 -0.00000
12.44811 -0.00000
12.45311 -0.00000
12.45811 -0.00000
12.46312 -0.00000
12.46812 -0.00000
12.47312 -0.00000
12.47812 -0.00000
12.48312 -0.00000
12.48812 -0.00000
12.49312 -0.00000
12.49812 -0.00000
12.50313 -0.00000
12.50813 -0.00000
12.51313 -0.00000
12.51813 -0.00000
12.52313 -0.00000
12.52813 -0.00000
12.53313 -0.00000
12.53813 -0.00000
12.54314 -0.00000
12.54814 -0.00000
12.55314 -0.00000
12.55814 -0.00000
12.56314 -0.00000
12.56814 -0.00000
12.57314 -0.00000
12.57814 -0.00000
12.58315 -0.00000
12.58815 -0.00000
12.59315 -0.00000
12.59815 -0.00000
12.60315 -0.00000
12.60815 -0.00000
12.61315 -0.00000
12.61815 -0.00000
12.62316 -0.00000
12.62816 -0.00000
12.63316 -0.00000
12.63816 -0.00000
12.64316 -0.00000
12.64816 -0.00000
12.65316 -0.00000
12.65816 -0.00000
12.66317 -0.00000
12.66817 -0.00000
12.67317 -0.00000
12.67817 -0.00000
12.68317 -0.00000
12.68817 -0.00000
12.69317 -0.00000
12.69817 -0.00000
12.70318 -0.00000
12.70818 -0.00000
12.71318 -0.00000
12.71818 -0.00000
12.72318 -0.00000
12.72818 -0.00000
12.73318 -0.00000
12.73818 -0.00000
12.74319 -0.00000
12.74819 -0.00000
12.75319 -0.00000
12.75819 -0.00000
12.76319 -0.00000
12.76819 -0.00000
12.77319 -0.00000
12.77819 -0.00000
12.78320 -0.00000
12.78820 -0.00000
12.79320 -0.00000
12.79820 -0.00000
12.80320 -0.00000
12.80820 -0.00000
12.81320 -0.00000
12.81820 -0.00000
12.82321 -0.00000
12.82821 -0.00000
12.83321 -0.00000
12.83821 -0.00000
12.84321 -0.00000
12.84821 -0.00000
12.85321 -0.00000
12.85821 -0.00000
12.86322 -0.00000
12.86822 -0.00000
12.87322 -0.00000
12.87822 -0.00000
12.88322 -0.00000
12.88822 -0.00000
12.89322 -0.00000
12.89822 -0.00000
12.90323 -0.00000
12.90823 -0.00000
12.91323 -0.00000
12.91823 -0.00000
12.92323 -0.00000
12.92823 -0.00000
12.93323 -0.00000
12.93823 -0.00000
12.94324 -0.00000
12.94824 -0.00000
12.95324 -0.00000
12.95824 -0.00000
12.96324 -0.00000
12.96824 -0.00000
12.97324 -0.00000
12.97824 -0.00000
12.98325 -0.00000
12.98825 -0.00000
12.99325 -0.00000
12.99825 -0.00000
13.00325 -0.00000
13.00825 -0.00000
13.01325 -0.00000
13.01825 -0.00000
13.02326 -0.00000
13.02826 -0.00000
13.03326 -0.00000
13.03826 -0.00000
13.04326 -0.00000
13.04826 -0.00000
13.05326 -0.00000
13.05826 -0.00000
13.06327 -0.00000
13.06827 -0.00000
13.07327 -0.00000
13.07827 -0.00000
13.08327 -0.00000
13.08827 -0.00000
13.09327 -0.00000
13.09827 -0.00000
13.10328 -0.00000
13.10828 -0.00000
13.11328 -0.00000
13.11828 -0.00000
13.12328 -0.00000
13.12828 -0.00000
13.13328 -0.00000
13.13828 -0.00000
13.14329 -0.00000
13.14829 -0.00000
13.15329 -0.00000
13.15829 -0.00000
13.16329 -0.00000
13.16829 -0.00000
13.17329 -0.00000
13.17829 -0.00000
13.18330 -0.00000
13.18830 -0.00000
13.19330 -0.00000
13.19830 -0.00000
13.20330 -0.00000
13.20830 -0.00000
13.21330 -0.00000
13.21830 -0.00000
13.22331 -0.00000
13.22831 -0.00000
13.23331 -0.00000
13.23831 -0.00000
13.24331 -0.00000
13.24831 -0.00000
13.25331 -0.00000
13.25831 -0.00000
13.26332 -0.00000
13.26832 -0.00000
13.27332 -0.00000
13.27832 -0.00000
13.28332 -0.00000
13.28832 -0.00000
13.29332 -0.00000
13.29832 -0.00000
13.30333 -0.00000
13.30833 -0.00000
13.31333 -0.00000
13.31833 -0.00000
13.32333 -0.00000
13.32833 -0.00000
13.33333 -0.00000
13.33833 -0.00000
13.34334 -0.00000
13.34834 -0.00000
13.35334 -0.00000
13.35834 -0.00000
13.36334 -0.00000
13.36834 -0.00000
13.37334 -0.00000
13.37834 -0.00000
13.38335 -0.00000
13.38835 -0.00000
13.39335 -0.00000
13.39835 -0.00000
13.40335 -0.00000
13.40835 -0.00000
13.41335 -0.00000
13.41835 -0.00000
13.42336 -0.00000
13.42836 -0.00000
13.43336 -0.00000
13.43836 -0.00000
13.44336 -0.00000
13.44836 -0.00000
13.45336 -0.00000
13.45836 -0.00000
13.46337 -0.00000
13.46837 -0.00000
13.47337 -0.00000
13.47837 -0.00000
13.48337 -0.00000
13.48837 -0.00000
13.49337 -0.00000
13.49837 -0.00000
13.50338 -0.00000
13.50838 -0.00000
13.51338 -0.00000
13.51838 -0.00000
13.52338 -0.00000
13.52838 -0.00000
13.53338 -0.00000
13.53838 -0.00000
13.54339 -0.00000
13.54839 -0.00000
13.55339 -0.00000
13.55839 -0.00000
13.56339 -0.00000
13.56839 -0.00000
13.57339 -0.00000
13.57839 -0.00000
13.58340 -0.00000
13.58840 -0.00000
13.59340 -0.00000
13.59840 -0.00000
13.60340 -0.00000
13.60840 -0.00000
13.61340 -0.00000
13.61840 -0.00000
13.62341 -0.00000
13.62841 -0.00000
13.63341 -0.00000
13.63841 -0.00000
13.64341 -0.00000
13.64841 -0.00000
13.65341 -0.00000
13.65841 -0.00000
13.66342 -0.00000
13.66842 -0.00000
13.67342 -0.00000
13.67842 -0.00000
13.68342 -0.00000
13.68842 -0.00000
13.69342 -0.00000
13.69842 -0.00000
13.70343 -0.00000
13.70843 -0.00000
13.71343 -0.00000
13.71843 -0.00000
13.72343 -0.00000
13.72843 -0.00000
13.73343 -0.00000
13.73843 -0.00000
13.74344 -0.00000
13.74844 -0.00000
13.75344 -0.00000
13.75844 -0.00000
13.76344 -0.00000
13.76844 -0.00000
13.77344 -0.00000
13.77844 -0.00000
13.78345 -0.00000
13.78845 -0.00000
13.79345 -0.00000
13.79845 -0.00000
13.80345 -0.00000
13.80845 -0.00000
13.81345 -0.00000
13.81845 -0.00000
13.82346 -0.00000
13.82846 -0.00000
13.83346 -0.00000
13.83846 -0.00000
13.84346 -0.00000
13.84846 -0.00000
13.85346 -0.00000
13.85846 -0.00000
13.86347 -0.00000
13.86847 -0.00000
13.87347 -0.00000
13.87847 -0.00000
13.88347 -0.00000
13.88847 -0.00000
13.89347 -0.00000
13.89847 -0.00000
13.90348 -0.00000
13.90848 -0.00000
13.91348 -0.00000
13.91848 -0.00000
13.92348 -0.00000
13.92848 -0.00000
13.93348 -0.00000
13.93848 -0.00000
13.94349 -0.00000
13.94849 -0.00000
13.95349 -0.00000
13.95849 -0.00000
13.96349 -0.00000
13.96849 -0.00000
13.97349 -0.00000
13.97849 -0.00000
13.98350 -0.00000
13.98850 -0.00000
13.99350 -0.00000
13.99850 -0.00000
14.00350 -0.00000
14.00850 -0.00000
14.01350 -0.00000
14.01850 -0.00000
14.02351 -0.00000
14.02851 -0.00000
14.03351 -0.00000
14.03851 -0.00000
14.04351 -0.00000
14.04851 -0.00000
14.05351 -0.00000
14.05851 -0.00000
14.06352 -0.00000
14.06852 -0.00000
14.07352 -0.00000
14.07852 -0.00000
14.08352 -0.00000
14.08852 -0.00000
14.09352 -0.00000
14.09852 -0.00000
14.10353 -0.00000
14.10853 -0.00000
14.11353 -0.00000
14.11853 -0.00000
14.12353 -0.00000
14.12853 -0.00000
14.13353 -0.00000
14.13853 -0.00000
14.14354 -0.00000
14.14854 -0.00000
14.15354 -0.00000
14.15854 -0.00000
14.16354 -0.00000
14.16854 -0.00000
14.17354 -0.00000
14.17854 -0.00000
14.18355 -0.00000
14.18855 -0.00000
14.19355 -0.00000
14.19855 -0.00000
14.20355 -0.00000
14.20855 -0.00000
14.21355 -0.00000
14.21855 -0.00000
14.22356 -0.00000
14.22856 -0.00000
14.23356 -0.00000
14.23856 -0.00000
14.24356 -0.00000
14.24856 -0.00000
14.25356 -0.00000
14.25856 -0.00000
14.26357 -0.00000
14.26857 -0.00000
14.27357 -0.00000
14.27857 -0.00000
14.28357 -0.00000
14.28857 -0.00000
14.29357 -0.00000
14.29857 -0.00000
14.30358 -0.00000
14.30858 -0.00000
14.31358 -0.00000
14.31858 -0.00000
14.32358 -0.00000
14.32858 -0.00000
14.33358 -0.00000
14.33858 -0.00000
14.34359 -0.00000
14.34859 -0.00000
14.35359 -0.00000
14.35859 -0.00000
14.36359 -0.00000
14.36859 -0.00000
14.37359 -0.00000
14.37859 -0.00000
14.38360 -0.00000
14.38860 -0.00000
14.39360 -0.00000
14.39860 -0.00000
14.40360 -0.00000
14.40860 -0.00000
14.41360 -0.00000
14.41860 -0.00000
14.42361 -0.00000
14.42861 -0.00000
14.43361 -0.00000
14.43861 -0.00000
14.44361 -0.00000
14.44861 -0.00000
14.45361 -0.00000
14.45861 -0.00000
14.46362 -0.00000
14.46862 -0.00000
14.47362 -0.00000
14.47862 -0.00000
14.48362 -0.00000
14.48862 -0.00000
14.49362 -0.00000
14.49862 -0.00000
14.50363 -0.00000
14.50863 -0.00000
14.51363 -0.00000
14.51863 -0.00000
14.52363 -0.00000
14.52863 -0.00000
14.53363 -0.00000
14.53863 -0.00000
14.54364 -0.00000
14.54864 -0.00000
14.55364 -0.00000
14.55864 -0.00000
14.56364 -0.00000
14.56864 -0.00000
14.57364 -0.00000
14.57864 -0.00000
14.58365 -0.00000
14.58865 -0.00000
14.59365 -0.00000
14.59865 -0.00000
14.60365 -0.00000
14.60865 -0.00000
14.61365 -0.00000
14.61865 -0.00000
14.62366 -0.00000
14.62866 -0.00000
14.63366 -0.00000
14.63866 -0.00000
14.64366 -0.00000
14.64866 -0.00000
14.65366 -0.00000
14.65866 -0.00000
14.66367 -0.00000
14.66867 -0.00000
14.67367 -0.00000
14.67867 -0.00000
14.68367 -0.00000
14.68867 -0.00000
14.69367 -0.00000
14.69867 -0.00000
14.70368 -0.00000
14.70868 -0.00000
14.71368 -0.00000
14.71868 -0.00000
14.72368 -0.00000
14.72868 -0.00000
14.73368 -0.00000
14.73868 -0.00000
14.74369 -0.00000
14.74869 -0.00000
14.75369 -0.00000
14.75869 -0.00000
14.76369 -0.00000
14.76869 -0.00000
14.77369 -0.00000
14.77869 -0.00000
14.78370 -0.00000
14.78870 -0.00000
14.79370 -0.00000
14.79870 -0.00000
14.80370 -0.00000
14.80870 -0.00000
14.81370 -0.00000
14.81870 -0.00000
14.82371 -0.00000
14.82871 -0.00000
14.83371 -0.00000
14.83871 -0.00000
14.84371 -0.00000
14.84871 -0.00000
14.85371 -0.00000
14.85871 -0.00000
14.86372 -0.00000
14.86872 -0.00000
14.87372 -0.00000
14.87872 -0.00000
14.88372 -0.00000
14.88872 -0.00000
14.89372 -0.00000
14.89872 -0.00000
14.90373 -0.00000
14.90873 -0.00000
14.91373 -0.00000
14.91873 -0.00000
14.92373 -0.00000
14.92873 -0.00000
14.93373 -0.00000
14.93873 -0.00000
14.94374 -0.00000
14.94874 -0.00000
14.95374 -0.00000
14.95874 -0.00000
14.96374 -0.00000
14.96874 -0.00000
14.97374 -0.00000
14.97874 -0.00000
14.98375 -0.00000
14.98875 -0.00000
14.99375 -0.00000
14.99875 -0.00000
15.00375 -0.00000
15.00875 -0.00000
15.01375 -0.00000
15.01875 -0.00000
15.02376 -0.00000
15.02876 -0.00000
15.03376 -0.00000
15.03876 -0.00000
15.04376 -0.00000
15.04876 -0.00000
15.05376 -0.00000
15.05876 -0.00000
15.06377 -0.00000
15.06877 -0.00000
15.07377 -0.00000
15.07877 -0.00000
15.08377 -0.00000
15.08877 -0.00000
15.09377 -0.00000
15.09877 -0.00000
15.10378 -0.00000
15.10878 -0.00000
15.11378 -0.00000
15.11878 -0.00000
15.12378 -0.00000
15.12878 -0.00000
15.13378 -0.00000
15.13878 -0.00000
15.14379 -0.00000
15.14879 -0.00000
15.15379 -0.00000
15.15879 -0.00000
15.16379 -0.00000
15.16879 -0.00000
15.17379 -0.00000
15.17879 -0.00000
15.18380 -0.00000
15.18880 -0.00000
15.19380 -0.00000
15.19880 -0.00000
15.20380 -0.00000
15.20880 -0.00000
15.21380 -0.00000
15.21880 -0.00000
15.22381 -0.00000
15.22881 -0.00000
15.23381 -0.00000
15.23881 -0.00000
15.24381 -0.00000
15.24881 -0.00000
15.25381 -0.00000
15.25881 -0.00000
15.26382 -0.00000
15.26882 -0.00000
15.27382 -0.00000
15.27882 -0.00000
15.28382 -0.00000
15.28882 -0.00000
15.29382 -0.00000
15.29882 -0.00000
15.30383 -0.00000
15.30883 -0.00000
15.31383 -0.00000
15.31883 -0.00000
15.32383 -0.00000
15.32883 -0.00000
15.33383 -0.00000
15.33883 -0.00000
15.34384 -0.00000
15.34884 -0.00000
15.35384 -0.00000
15.35884 -0.00000
15.36384 -0.00000
15.36884 -0.00000
15.37384 -0.00000
15.37884 -0.00000
15.38385 -0.00000
15.38885 -0.00000
15.39385 -0.00000
15.39885 -0.00000
15.40385 -0.00000
15.40885 -0.00000
15.41385 -0.00000
15.41885 -0.00000
15.42386 -0.00000
15.42886 -0.00000
15.43386 -0.00000
15.43886 -0.00000
15.44386 -0.00000
15.44886 -0.00000
15.45386 -0.00000
15.45886 -0.00000
15.46387 -0.00000
15.46887 -0.00000
15.47387 -0.00000
15.47887 -0.00000
15.48387 -0.00000
15.48887 -0.00000
15.49387 -0.00000
15.49887 -0.00000
15.50388 -0.00000
15.50888 -0.00000
15.51388 -0.00000
15.51888 -0.00000
15.52388 -0.00000
15.52888 -0.00000
15.53388 -0.00000
15.53888 -0.00000
15.54389 -0.00000
15.54889 -0.00000
15.55389 -0.00000
15.55889 -0.00000
15.56389 -0.00000
15.56889 -0.00000
15.57389 -0.00000
15.57889 -0.00000
15.58390 -0.00000
15.58890 -0.00000
15.59390 -0.00000
15.59890 -0.00000
15.60390 -0.00000
15.60890 -0.00000
15.61390 -0.00000
15.61890 -0.00000
15.62391 -0.00000
15.62891 -0.00000
15.63391 -0.00000
15.63891 -0.00000
15.64391 -0.00000
15.64891 -0.00000
15.65391 -0.00000
15.65891 -0.00000
15.66392 -0.00000
15.66892 -0.00000
15.67392 -0.00000
15.67892 -0.00000
15.68392 -0.00000
15.68892 -0.00000
15.69392 -0.00000
15.69892 -0.00000
15.70393 -0.00000
15.70893 -0.00000
15.71393 -0.00000
15.71893 -0.00000
15.72393 -0.00000
15.72893 -0.00000
15.73393 -0.00000
15.73893 -0.00000
15.74394 -0.00000
15.74894 -0.00000
15.75394 -0.00000
15.75894 -0.00000
15.76394 -0.00000
15.76894 -0.00000
15.77394 -0.00000
15.77894 -0.00000
15.78395 -0.00000
15.78895 -0.00000
15.79395 -0.00000
15.79895 -0.00000
15.80395 -0.00000
15.80895 -0.00000
15.81395 -0.00000
15.81895 -0.00000
15.82396 -0.00000
15.82896 -0.00000
15.83396 -0.00000
15.83896 -0.00000
15.84396 -0.00000
15.84896 -0.00000
15.85396 -0.00000
15.85896 -0.00000
15.86397 -0.00000
15.86897 -0.00000
15.87397 -0.00000
15.87897 -0.00000
15.88397 -0.00000
15.88897 -0.00000
15.89397 -0.00000
15.89897 -0.00000
15.90398 -0.00000
15.90898 -0.00000
15.91398 -0.00000
15.91898 -0.00000
15.92398 -0.00000
15.92898 -0.00000
15.93398 -0.00000
15.93898 -0.00000
15.94399 -0.00000
15.94899 -0.00000
15.95399 -0.00000
15.95899 -0.00000
15.96399 -0.00000
15.96899 -0.00000
15.97399 -0.00000
15.97899 -0.00000
15.98400 -0.00000
15.98900 -0.00000
15.99400 -0.00000
15.99900 -0.00000
16.00400 -0.00000
16.00900 -0.00000
16.01400 -0.00000
16.01900 -0.00000
16.02401 -0.00000
16.02901 -0.00000
16.03401 -0.00000
16.03901 -0.00000
16.04401 -0.00000
16.04901 -0.00000
16.05401 -0.00000
16.05901 -0.00000
16.06402 -0.00000
16.06902 -0.00000
16.07402 -0.00000
16.07902 -0.00000
16.08402 -0.00000
16.08902 -0.00000
16.09402 -0.00000
16.09902 -0.00000
16.10403 -0.00000
16.10903 -0.00000
16.11403 -0.00000
16.11903 -0.00000
16.12403 -0.00000
16.12903 -0.00000
16.13403 -0.00000
16.13903 -0.00000
16.14404 -0.00000
16.14904 -0.00000
16.15404 -0.00000
16.15904 -0.00000
16.16404 -0.00000
16.16904 -0.00000
16.17404 -0.00000
16.17904 -0.00000
16.18405 -0.00000
16.18905 -0.00000
16.19405 -0.00000
16.19905 -0.00000
16.20405 -0.00000
16.20905 -0.00000
16.21405 -0.00000
16.21905 -0.00000
16.22406 -0.00000
16.22906 -0.00000
16.23406 -0.00000
16.23906 -0.00000
16.24406 -0.00000
16.24906 -0.00000
16.25406 -0.00000
16.25906 -0.00000
16.26407 -0.00000
16.26907 -0.00000
16.27407 -0.00000
16.27907 -0.00000
16.28407 -0.00000
16.28907 -0.00000
16.29407 -0.00000
16.29907 -0.00000
16.30408 -0.00000
16.30908 -0.00000
16.31408 -0.00000
16.31908 -0.00000
16.32408 -0.00000
16.32908 -0.00000
16.33408 -0.00000
16.33908 -0.00000
16.34409 -0.00000
16.34909 -0.00000
16.35409 -0.00000
16.35909 -0.00000
16.36409 -0.00000
16.36909 -0.00000
16.37409 -0.00000
16.37909 -0.00000
16.38410 -0.00000
16.38910 -0.00000
16.39410 -0.00000
16.39910 -0.00000
16.40410 -0.00000
16.40910 -0.00000
16.41410 -0.00000
16.41910 -0.00000
16.42411 -0.00000
16.42911 -0.00000
16.43411 -0.00000
16.43911 -0.00000
16.44411 -0.00000
16.44911 -0.00000
16.45411 -0.00000
16.45911 -0.00000
16.46412 -0.00000
16.46912 -0.00000
16.47412 -0.00000
16.47912 -0.00000
16.48412 -0.00000
16.48912 -0.00000
16.49412 -0.00000
16.49912 -0.00000
16.50413 -0.00000
16.50913 -0.00000
16.51413 -0.00000
16.51913 -0.00000
16.52413 -0.00000
16.52913 -0.00000
16.53413 -0.00000
16.53913 -0.00000
16.54414 -0.00000
16.54914 -0.00000
16.55414 -0.00000
16.55914 -0.00000
16.56414 -0.00000
16.56914 -0.00000
16.57414 -0.00000
16.57914 -0.00000
16.58415 -0.00000
16.58915 -0.00000
16.59415 -0.00000
16.59915 -0.00000
16.60415 -0.00000
16.60915 -0.00000
16.61415 -0.00000
16.61915 -0.00000
16.62416 -0.00000
16.62916 -0.00000
16.63416 -0.00000
16.63916 -0.00000
16.64416 -0.00000
16.64916 -0.00000
16.65416 -0.00000
16.65916 -0.00000
16.66417 -0.00000
16.66917 -0.00000
16.67417 -0.00000
16.67917 -0.00000
16.68417 -0.00000
16.68917 -0.00000
16.69417 -0.00000
16.69917 -0.00000
16.70418 -0.00000
16.70918 -0.00000
16.71418 -0.00000
16.71918 -0.00000
16.72418 -0.00000
16.72918 -0.00000
16.73418 -0.00000
16.73918 -0.00000
16.74419 -0.00000
16.74919 -0.00000
16.75419 -0.00000
16.75919 -0.00000
16.76419 -0.00000
16.76919 -0.00000
16.77419 -0.00000
16.77919 -0.00000
16.78420 -0.00000
16.78920 -0.00000
16.79420 -0.00000
16.79920 -0.00000
16.80420 -0.00000
16.80920 -0.00000
16.81420 -0.00000
16.81920 -0.00000
16.82421 -0.00000
16.82921 -0.00000
16.83421 -0.00000
16.83921 -0.00000
16.84421 -0.00000
16.84921 -0.00000
16.85421 -0.00000
16.85921 -0.00000
16.86422 -0.00000
16.86922 -0.00000
16.87422 -0.00000
16.87922 -0.00000
16.88422 -0.00000
16.88922 -0.00000
16.89422 -0.00000
16.89922 -0.00000
16.90423 -0.00000
16.90923 -0.00000
16.91423 -0.00000
16.91923 -0.00000
16.92423 -0.00000
16.92923 -0.00000
16.93423 -0.00000
16.93923 -0.00000
16.94424 -0.00000
16.94924 -0.00000
16.95424 -0.00000
16.95924 -0.00000
16.96424 -0.00000
16.96924 -0.00000
16.97424 -0.00000
16.97924 -0.00000
16.98425 -0.00000
16.98925 -0.00000
16.99425 -0.00000
16.99925 -0.00000
17.00425 -0.00000
17.00925 -0.00000
17.01425 -0.00000
17.01925 -0.00000
17.02426 -0.00000
17.02926 -0.00000
17.03426 -0.00000
17.03926 -0.00000
17.04426 -0.00000
17.04926 -0.00000
17.05426 -0.00000
17.05926 -0.00000
17.06427 -0.00000
17.06927 -0.00000
17.07427 -0.00000
17.07927 -0.00000
17.08427 -0.00000
17.08927 -0.00000
17.09427 -0.00000
17.09927 -0.00000
17.10428 -0.00000
17.10928 -0.00000
17.11428 -0.00000
17.11928 -0.00000
17.12428 -0.00000
17.12928 -0.00000
17.13428 -0.00000
17.13928 -0.00000
17.14429 -0.00000
17.14929 -0.00000
17.15429 -0.00000
17.15929 -0.00000
17.16429 -0.00000
17.16929 -0.00000
17.17429 -0.00000
17.17929 -0.00000
17.18430 -0.00000
17.18930 -0.00000
17.19430 -0.00000
17.19930 -0.00000
17.20430 -0.00000
17.20930 -0.00000
17.21430 -0.00000
17.21930 -0.00000
17.22431 -0.00000
17.22931 -0.00000
17.23431 -0.00000
17.23931 -0.00000
17.24431 -0.00000
17.24931 -0.00000
17.25431 -0.00000
17.25931 -0.00000
17.26432 -0.00000
17.26932 -0.00000
17.27432 -0.00000
17.27932 -0.00000
17.28432 -0.00000
17.28932 -0.00000
17.29432 -0.00000
17.29932 -0.00000
17.30433 -0.00000
17.30933 -0.00000
17.31433 -0.00000
17.31933 -0.00000
17.32433 -0.00000
17.32933 -0.00000
17.33433 -0.00000
17.33933 -0.00000
17.34434 -0.00000
17.34934 -0.00000
17.35434 -0.00000
17.35934 -0.00000
17.36434 -0.00000
17.36934 -0.00000
17.37434 -0.00000
17.37934 -0.00000
17.38435 -0.00000
17.38935 -0.00000
17.39435 -0.00000
17.39935 -0.00000
17.40435 -0.00000
17.40935 -0.00000
17.41435 -0.00000
17.41935 -0.00000
17.42436 -0.00000
17.42936 -0.00000
17.43436 -0.00000
17.43936 -0.00000
17.44436 -0.00000
17.44936 -0.00000
17.45436 -0.00000
17.45936 -0.00000
17.46437 -0.00000
17.46937 -0.00000
17.47437 -0.00000
17.47937 -0.00000
17.48437 -0.00000
17.48937 -0.00000
17.49437 -0.00000
17.49937 -0.00000
17.50438 -0.00000
17.50938 -0.00000
17.51438 -0.00000
17.51938 -0.00000
17.52438 -0.00000
17.52938 -0.00000
17.53438 -0.00000
17.53938 -0.00000
17.54439 -0.00000
17.54939 -0.00000
17.55439 -0.00000
17.55939 -0.00000
17.56439 -0.00000
17.56939 -0.00000
17.57439 -0.00000
17.57939 -0.00000
17.58440 -0.00000
17.58940 -0.00000
17.59440 -0.00000
17.59940 -0.00000
17.60440 -0.00000
17.60940 -0.00000
17.61440 -0.00000
17.61940 -0.00000
17.62441 -0.00000
17.62941 -0.00000
17.63441 -0.00000
17.63941 -0.00000
17.64441 -0.00000
17.64941 -0.00000
17.65441 -0.00000
17.65941 -0.00000
17.66442 -0.00000
17.66942 -0.00000
17.67442 -0.00000
17.67942 -0.00000
17.68442 -0.00000
17.68942 -0.00000
17.69442 -0.00000
17.69942 -0.00000
17.70443 -0.00000
17.70943 -0.00000
17.71443 -0.00000
17.71943 -0.00000
17.72443 -0.00000
17.72943 -0.00000
17.73443 -0.00000
17.73943 -0.00000
17.74444 -0.00000
17.74944 -0.00000
17.75444 -0.00000
17.75944 -0.00000
17.76444 -0.00000
17.76944 -0.00000
17.77444 -0.00000
17.77944 -0.00000
17.78445 -0.00000
17.78945 -0.00000
17.79445 -0.00000
17.79945 -0.00000
17.80445 -0.00000
17.80945 -0.00000
17.81445 -0.00000
17.81945 -0.00000
17.82446 -0.00000
17.82946 -0.00000
17.83446 -0.00000
17.83946 -0.00000
17.84446 -0.00000
17.84946 -0.00000
17.85446 -0.00000
17.85946 -0.00000
17.86447 -0.00000
17.86947 -0.00000
17.87447 -0.00000
17.87947 -0.00000
17.88447 -0.00000
17.88947 -0.00000
17.89447 -0.00000
17.89947 -0.00000
17.90448 -0.00000
17.90948 -0.00000
17.91448 -0.00000
17.91948 -0.00000
17.92448 -0.00000
17.92948 -0.00000
17.93448 -0.00000
17.93948 -0.00000
17.94449 -0.00000
17.94949 -0.00000
17.95449 -0.00000
17.95949 -0.00000
17.96449 -0.00000
17.96949 -0.00000
17.97449 -0.00000
17.97949 -0.00000
17.98450 -0.00000
17.98950 -0.00000
17.99450 -0.00000
17.99950 -0.00000
18.00450 -0.00000
18.00950 -0.00000
18.01450 -0.00000
18.01950 -0.00000
18.02451 -0.00000
18.02951 -0.00000
18.03451 -0.00000
18.03951 -0.00000
18.04451 -0.00000
18.04951 -0.00000
18.05451 -0.00000
18.05951 -0.00000
18.06452 -0.00000
18.06952 -0.00000
18.07452 -0.00000
18.07952 -0.00000
18.08452 -0.00000
18.08952 -0.00000
18.09452 -0.00000
18.09952 -0.00000
18.10453 -0.00000
18.10953 -0.00000
18.11453 -0.00000
18.11953 -0.00000
18.12453 -0.00000
18.12953 -0.00000
18.13453 -0.00000
18.13953 -0.00000
18.14454 -0.00000
18.14954 -0.00000
18.15454 -0.00000
18.15954 -0.00000
18.16454 -0.00000
18.16954 -0.00000
18.17454 -0.00000
18.17954 -0.00000
18.18455 -0.00000
18.18955 -0.00000
18.19455 -0.00000
18.19955 -0.00000
18.20455 -0.00000
18.20955 -0.00000
18.21455 -0.00000
18.21955 -0.00000
18.22456 -0.00000
18.22956 -0.00000
18.23456 -0.00000
18.23956 -0.00000
18.24456 -0.00000
18.24956 -0.00000
18.25456 -0.00000
18.25956 -0.00000
18.26457 -0.00000
18.26957 -0.00000
18.27457 -0.00000
18.27957 -0.00000
18.28457 -0.00000
18.28957 -0.00000
18.29457 -0.00000
18.29957 -0.00000
18.30458 -0.00000
18.30958 -0.00000
18.31458 -0.00000
18.31958 -0.00000
18.32458 -0.00000
18.32958 -0.00000
18.33458 -0.00000
18.33958 -0.00000
18.34459 -0.00000
18.34959 -0.00000
18.35459 -0.00000
18.35959 -0.00000
18.36459 -0.00000
18.36959 -0.00000
18.37459 -0.00000
18.37959 -0.00000
18.38460 -0.00000
18.38960 -0.00000
18.39460 -0.00000
18.39960 -0.00000
18.40460 -0.00000
18.40960 -0.00000
18.41460 -0.00000
18.41960 -0.00000
18.42461 -0.00000
18.42961 -0.00000
18.43461 -0.00000
18.43961 -0.00000
18.44461 -0.00000
18.44961 -0.00000
18.45461 -0.00000
18.45961 -0.00000
18.46462 -0.00000
18.46962 -0.00000
18.47462 -0.00000
18.47962 -0.00000
18.48462 -0.00000
18.48962 -0.00000
18.49462 -0.00000
18.49962 -0.00000
18.50463 -0.00000
18.50963 -0.00000
18.51463 -0.00000
18.51963 -0.00000
18.52463 -0.00000
18.52963 -0.00000
18.53463 -0.00000
18.53963 -0.00000
18.54464 -0.00000
18.54964 -0.00000
18.55464 -0.00000
18.55964 -0.00000
18.56464 -0.00000
18.56964 -0.00000
18.57464 -0.00000
18.57964 -0.00000
18.58465 -0.00000
18.58965 -0.00000
18.59465 -0.00000
18.59965 -0.00000
18.60465 -0.00000
18.60965 -0.00000
18.61465 -0.00000
18.61965 -0.00000
18.62466 -0.00000
18.62966 -0.00000
18.63466 -0.00000
18.63966 -0.00000
18.64466 -0.00000
18.64966 -0.00000
18.65466 -0.00000
18.65966 -0.00000
18.66467 -0.00000
18.66967 -0.00000
18.67467 -0.00000
18.67967 -0.00000
18.68467 -0.00000
18.68967 -0.00000
18.69467 -0.00000
18.69967 -0.00000
18.70468 -0.00000
18.70968 -0.00000
18.71468 -0.00000
18.71968 -0.00000
18.72468 -0.00000
18.72968 -0.00000
18.73468 -0.00000
18.73968 -0.00000
18.74469 -0.00000
18.74969 -0.00000
18.75469 -0.00000
18.75969 -0.00000
18.76469 -0.00000
18.76969 -0.00000
18.77469 -0.00000
18.77969 -0.00000
18.78470 -0.00000
18.78970 -0.00000
18.79470 -0.00000
18.79970 -0.00000
18.80470 -0.00000
18.80970 -0.00000
18.81470 -0.00000
18.81970 -0.00000
18.82471 -0.00000
18.82971 -0.00000
18.83471 -0.00000
18.83971 -0.00000
18.84471 -0.00000
18.84971 -0.00000
18.85471 -0.00000
18.85971 -0.00000
18.86472 -0.00000
18.86972 -0.00000
18.87472 -0.00000
18.87972 -0.00000
18.88472 -0.00000
18.88972 -0.00000
18.89472 -0.00000
18.89972 -0.00000
18.90473 -0.00000
18.90973 -0.00000
18.91473 -0.00000
18.91973 -0.00000
18.92473 -0.00000
18.92973 -0.00000
18.93473 -0.00000
18.93973 -0.00000
18.94474 -0.00000
18.94974 -0.00000
18.95474 -0.00000
18.95974 -0.00000
18.96474 -0.00000
18.96974 -0.00000
18.97474 -0.00000
18.97974 -0.00000
18.98475 -0.00000
18.98975 -0.00000
18.99475 -0.00000
18.99975 -0.00000
19.00475 -0.00000
19.00975 -0.00000
19.01475 -0.00000
19.01975 -0.00000
19.02476 -0.00000
19.02976 -0.00000
19.03476 -0.00000
19.03976 -0.00000
19.04476 -0.00000
19.04976 -0.00000
19.05476 -0.00000
19.05976 -0.00000
19.06477 -0.00000
19.06977 -0.00000
19.07477 -0.00000
19.07977 -0.00000
19.08477 -0.00000
19.08977 -0.00000
19.09477 -0.00000
19.09977 -0.00000
19.10478 -0.00000
19.10978 -0.00000
19.11478 -0.00000
19.11978 -0.00000
19.12478 -0.00000
19.12978 -0.00000
19.13478 -0.00000
19.13978 -0.00000
19.14479 -0.00000
19.14979 -0.00000
19.15479 -0.00000
19.15979 -0.00000
19.16479 -0.00000
19.16979 -0.00000
19.17479 -0.00000
19.17979 -0.00000
19.18480 -0.00000
19.18980 -0.00000
19.19480 -0.00000
19.19980 -0.00000
19.20480 -0.00000
19.20980 -0.00000
19.21480 -0.00000
19.21980 -0.00000
19.22481 -0.00000
19.22981 -0.00000
19.23481 -0.00000
19.23981 -0.00000
19.24481 -0.00000
19.24981 -0.00000
19.25481 -0.00000
19.25981 -0.00000
19.26482 -0.00000
19.26982 -0.00000
19.27482 -0.00000
19.27982 -0.00000
19.28482 -0.00000
19.28982 -0.00000
19.29482 -0.00000
19.29982 -0.00000
19.30483 -0.00000
19.30983 -0.00000
19.31483 -0.00000
19.31983 -0.00000
19.32483 -0.00000
19.32983 -0.00000
19.33483 -0.00000
19.33983 -0.00000
19.34484 -0.00000
19.34984 -0.00000
19.35484 -0.00000
19.35984 -0.00000
19.36484 -0.00000
19.36984 -0.00000
19.37484 -0.00000
19.37984 -0.00000
19.38485 -0.00000
19.38985 -0.00000
19.39485 -0.00000
19.39985 -0.00000
19.40485 -0.00000
19.40985 -0.00000
19.41485 -0.00000
19.41985 -0.00000
19.42486 -0.00000
19.42986 -0.00000
19.43486 -0.00000
19.43986 -0.00000
19.44486 -0.00000
19.44986 -0.00000
19.45486 -0.00000
19.45986 -0.00000
19.46487 -0.00000
19.46987 -0.00000
19.47487 -0.00000
19.47987 -0.00000
19.48487 -0.00000
19.48987 -0.00000
19.49487 -0.00000
19.49987 -0.00000
19.50488 -0.00000
19.50988 -0.00000
19.51488 -0.00000
19.51988 -0.00000
19.52488 -0.00000
19.52988 -0.00000
19.53488 -0.00000
19.53988 -0.00000
19.54489 -0.00000
19.54989 -0.00000
19.55489 -0.00000
19.55989 -0.00000
19.56489 -0.00000
19.56989 -0.00000
19.57489 -0.00000
19.57989 -0.00000
19.58490 -0.00000
19.58990 -0.00000
19.59490 -0.00000
19.59990 -0.00000
19.60490 -0.00000
19.60990 -0.00000
19.61490 -0.00000
19.61990 -0.00000
19.62491 -0.00000
19.62991 -0.00000
19.63491 -0.00000
19.63991 -0.00000
19.64491 -0.00000
19.64991 -0.00000
19.65491 -0.00000
19.65991 -0.00000
19.66492 -0.00000
19.66992 -0.00000
19.67492 -0.00000
19.67992 -0.00000
19.68492 -0.00000
19.68992 -0.00000
19.69492 -0.00000
19.69992 -0.00000
19.70493 -0.00000
19.70993 -0.00000
19.71493 -0.00000
19.71993 -0.00000
19.72493 -0.00000
19.72993 -0.00000
19.73493 -0.00000
19.73993 -0.00000
19.74494 -0.00000
19.74994 -0.00000
19.75494 -0.00000
19.75994 -0.00000
19.76494 -0.00000
19.76994 -0.00000
19.77494 -0.00000
19.77994 -0.00000
19.78495 -0.00000
19.78995 -0.00000
19.79495 -0.00000
19.79995 -0.00000
19.80495 -0.00000
19.80995 -0.00000
19.81495 -0.00000
19.81995 -0.00000
19.82496 -0.00000
19.82996 -0.00000
19.83496 -0.00000
19.83996 -0.00000
19.84496 -0.00000
19.84996 -0.00000
19.85496 -0.00000
19.85996 -0.00000
19.86497 -0.00000
19.86997 -0.00000
19.87497 -0.00000
19.87997 -0.00000
19.88497 -0.00000
19.88997 -0.00000
19.89497 -0.00000
19.89997 -0.00000
19.90498 -0.00000
19.90998 -0.00000
19.91498 -0.00000
19.91998 -0.00000
19.92498 -0.00000
19.92998 -0.00000
19.93498 -0.00000
19.93998 -0.00000
19.94499 -0.00000
19.94999 -0.00000
19.95499 -0.00000
19.95999 -0.00000
19.96499 -0.00000
19.96999 -0.00000
19.97499 -0.00000
19.97999 -0.00000
19.98500 -0.00000
19.99000 -0.00000
19.99500 -0.00000
20.00000 -0.00000
